measure,worlds,repetition,value
1.0,1.0,1.0,0.5445499773857982
2.0,1.0,1.0,0.5251017639077339
3.0,1.0,1.0,0.7227498869289916
4.0,1.0,1.0,0.5373134328358208
1.0,2.0,1.0,0.5461229946524064
2.0,2.0,1.0,0.4754901960784314
3.0,2.0,1.0,0.6479500891265597
4.0,2.0,1.0,0.48885918003565065
1.0,3.0,1.0,0.49660786974219806
2.0,3.0,1.0,0.6318407960199006
3.0,3.0,1.0,0.6594301221166894
4.0,3.0,1.0,0.6255088195386704
1.0,4.0,1.0,0.5554812834224598
2.0,4.0,1.0,0.5022281639928698
3.0,4.0,1.0,0.6475044563279856
4.0,4.0,1.0,0.5285204991087344
1.0,5.0,1.0,0.49465240641711233
2.0,5.0,1.0,0.43226381461675584
3.0,5.0,1.0,0.6016042780748664
4.0,5.0,1.0,0.5445632798573975
1.0,6.0,1.0,0.4676916221033868
2.0,6.0,1.0,0.5579322638146167
3.0,6.0,1.0,0.5909090909090909
4.0,6.0,1.0,0.5597147950089125
1.0,7.0,1.0,0.4734848484848485
2.0,7.0,1.0,0.6024955436720143
3.0,7.0,1.0,0.6287878787878788
4.0,7.0,1.0,0.5886809269162209
1.0,8.0,1.0,0.6200814111261872
2.0,8.0,1.0,0.6300316598824061
3.0,8.0,1.0,0.5970149253731345
4.0,8.0,1.0,0.6300316598824063
1.0,9.0,1.0,0.43983957219251335
2.0,9.0,1.0,0.44607843137254904
3.0,9.0,1.0,0.6581996434937611
4.0,9.0,1.0,0.45721925133689834
1.0,10.0,1.0,0.5456773618538324
2.0,10.0,1.0,0.5040106951871659
3.0,10.0,1.0,0.6305704099821745
4.0,10.0,1.0,0.533868092691622
1.0,11.0,1.0,0.6247771836007129
2.0,11.0,1.0,0.6377005347593581
3.0,11.0,1.0,0.5851158645276292
4.0,11.0,1.0,0.6336898395721925
1.0,12.0,1.0,0.5325311942959001
2.0,12.0,1.0,0.6145276292335117
3.0,12.0,1.0,0.6662210338680927
4.0,12.0,1.0,0.5815508021390375
1.0,13.0,1.0,0.44957033016734504
2.0,13.0,1.0,0.4260515603799186
3.0,13.0,1.0,0.6227951153324288
4.0,13.0,1.0,0.434192672998643
1.0,14.0,1.0,0.31439393939393945
2.0,14.0,1.0,0.6849376114081994
3.0,14.0,1.0,0.6653297682709447
4.0,14.0,1.0,0.6836007130124776
1.0,15.0,1.0,0.5072365445499774
2.0,15.0,1.0,0.5703301673450927
3.0,15.0,1.0,0.6386250565355044
4.0,15.0,1.0,0.5540479421076435
1.0,16.0,1.0,0.47625508819538664
2.0,16.0,1.0,0.5924920850293985
3.0,16.0,1.0,0.6205336951605609
4.0,16.0,1.0,0.5866123925825419
1.0,17.0,1.0,0.5110809588421529
2.0,17.0,1.0,0.4513794663048394
3.0,17.0,1.0,0.6879240162822254
4.0,17.0,1.0,0.46042514699231124
1.0,18.0,1.0,0.5118092691622103
2.0,18.0,1.0,0.4304812834224599
3.0,18.0,1.0,0.7241532976827092
4.0,18.0,1.0,0.43270944741532985
1.0,19.0,1.0,0.6267825311942958
2.0,19.0,1.0,0.6559714795008913
3.0,19.0,1.0,0.6657754010695188
4.0,19.0,1.0,0.6488413547237076
1.0,20.0,1.0,0.5282677521483491
2.0,20.0,1.0,0.5359565807327
3.0,20.0,1.0,0.587516960651289
4.0,20.0,1.0,0.5156037991858887
1.0,1.0,2.0,0.47580280416101317
2.0,1.0,2.0,0.40343735866123925
3.0,1.0,2.0,0.6056083220262325
4.0,1.0,2.0,0.5911352329262776
1.0,2.0,2.0,0.5169340463458111
2.0,2.0,2.0,0.5757575757575759
3.0,2.0,2.0,0.6969696969696968
4.0,2.0,2.0,0.556149732620321
1.0,3.0,2.0,0.5425146992311172
2.0,3.0,2.0,0.4649479873360469
3.0,3.0,2.0,0.7349615558570783
4.0,3.0,2.0,0.4975124378109454
1.0,4.0,2.0,0.5748663101604279
2.0,4.0,2.0,0.5824420677361855
3.0,4.0,2.0,0.4759358288770053
4.0,4.0,2.0,0.5819964349376112
1.0,5.0,2.0,0.5630936227951153
2.0,5.0,2.0,0.6218905472636816
3.0,5.0,2.0,0.6074174581637268
4.0,5.0,2.0,0.6042514699231117
1.0,6.0,2.0,0.49389416553595655
2.0,6.0,2.0,0.5884215287200363
3.0,6.0,2.0,0.61284486657621
4.0,6.0,2.0,0.5775667118950703
1.0,7.0,2.0,0.5062388591800357
2.0,7.0,2.0,0.4153297682709447
3.0,7.0,2.0,0.6515151515151514
4.0,7.0,2.0,0.43939393939393934
1.0,8.0,2.0,0.6158645276292333
2.0,8.0,2.0,0.6532976827094473
3.0,8.0,2.0,0.551693404634581
4.0,8.0,2.0,0.6377005347593583
1.0,9.0,2.0,0.543871551334238
2.0,9.0,2.0,0.602894617819991
3.0,9.0,2.0,0.5594753505201266
4.0,9.0,2.0,0.6015377657168702
1.0,10.0,2.0,0.4779411764705882
2.0,10.0,2.0,0.45721925133689834
3.0,10.0,2.0,0.5833333333333333
4.0,10.0,2.0,0.5423351158645277
1.0,11.0,2.0,0.5565355042966984
2.0,11.0,2.0,0.6146540027137041
3.0,11.0,2.0,0.4445952057892356
4.0,11.0,2.0,0.6096788783355948
1.0,12.0,2.0,0.47103386809269165
2.0,12.0,2.0,0.43538324420677366
3.0,12.0,2.0,0.588235294117647
4.0,12.0,2.0,0.5619429590017826
1.0,13.0,2.0,0.5236185383244206
2.0,13.0,2.0,0.6385918003565063
3.0,13.0,2.0,0.6399286987522282
4.0,13.0,2.0,0.6256684491978609
1.0,14.0,2.0,0.5345365418894831
2.0,14.0,2.0,0.5909090909090909
3.0,14.0,2.0,0.5855614973262031
4.0,14.0,2.0,0.5802139037433155
1.0,15.0,2.0,0.6234735413839892
2.0,15.0,2.0,0.6625961103573043
3.0,15.0,2.0,0.6558118498417007
4.0,15.0,2.0,0.6589778380823157
1.0,16.0,2.0,0.4946524064171123
2.0,16.0,2.0,0.44786096256684493
3.0,16.0,2.0,0.6541889483065955
4.0,16.0,2.0,0.46524064171123003
1.0,17.0,2.0,0.6677973767526008
2.0,17.0,2.0,0.716870194482135
3.0,17.0,2.0,0.6901854364540934
4.0,17.0,2.0,0.701492537313433
1.0,18.0,2.0,0.6122994652406416
2.0,18.0,2.0,0.6497326203208557
3.0,18.0,2.0,0.6336898395721925
4.0,18.0,2.0,0.6492869875222815
1.0,19.0,2.0,0.5456773618538324
2.0,19.0,2.0,0.5877896613190731
3.0,19.0,2.0,0.44830659536541895
4.0,19.0,2.0,0.5744206773618539
1.0,20.0,2.0,0.41836273179556766
2.0,20.0,2.0,0.37675260063319777
3.0,20.0,2.0,0.6404341926729987
4.0,20.0,2.0,0.6155585707824516
1.0,1.0,3.0,0.5450022614201719
2.0,1.0,3.0,0.3618272274988693
3.0,1.0,3.0,0.5540479421076436
4.0,1.0,3.0,0.6309362279511534
1.0,2.0,3.0,0.619402985074627
2.0,2.0,3.0,0.6947082767978292
3.0,2.0,3.0,0.5210312075983718
4.0,2.0,3.0,0.688376300316599
1.0,3.0,3.0,0.5682948891904116
2.0,3.0,3.0,0.4477611940298507
3.0,3.0,3.0,0.6490275893260969
4.0,3.0,3.0,0.4798733604703755
1.0,4.0,3.0,0.6334670231729055
2.0,4.0,3.0,0.4563279857397504
3.0,4.0,3.0,0.7219251336898396
4.0,4.0,3.0,0.4616755793226382
1.0,5.0,3.0,0.5633197648123022
2.0,5.0,3.0,0.5440976933514248
3.0,5.0,3.0,0.6603346901854366
4.0,5.0,3.0,0.584350972410674
1.0,6.0,3.0,0.6749108734402851
2.0,6.0,3.0,0.6443850267379678
3.0,6.0,3.0,0.5178253119429591
4.0,6.0,3.0,0.6412655971479502
1.0,7.0,3.0,0.620533695160561
2.0,7.0,3.0,0.6241519674355496
3.0,7.0,3.0,0.5038444142921755
4.0,7.0,3.0,0.6146540027137043
1.0,8.0,3.0,0.43306196291270915
2.0,8.0,3.0,0.6413387607417459
3.0,8.0,3.0,0.6508367254635911
4.0,8.0,3.0,0.6273179556761648
1.0,9.0,3.0,0.4944295900178253
2.0,9.0,3.0,0.572638146167558
3.0,9.0,3.0,0.5775401069518716
4.0,9.0,3.0,0.5811051693404634
1.0,10.0,3.0,0.5877431026684757
2.0,10.0,3.0,0.6277702397105381
3.0,10.0,3.0,0.5508819538670285
4.0,10.0,3.0,0.6151062867480778
1.0,11.0,3.0,0.5802139037433156
2.0,11.0,3.0,0.6363636363636365
3.0,11.0,3.0,0.6087344028520499
4.0,11.0,3.0,0.6426024955436721
1.0,12.0,3.0,0.5499108734402852
2.0,12.0,3.0,0.6203208556149732
3.0,12.0,3.0,0.6470588235294117
4.0,12.0,3.0,0.6136363636363636
1.0,13.0,3.0,0.5472370766488415
2.0,13.0,3.0,0.5115864527629232
3.0,13.0,3.0,0.5735294117647058
4.0,13.0,3.0,0.5204991087344029
1.0,14.0,3.0,0.446078431372549
2.0,14.0,3.0,0.42691622103386806
3.0,14.0,3.0,0.5779857397504456
4.0,14.0,3.0,0.56951871657754
1.0,15.0,3.0,0.5352049910873441
2.0,15.0,3.0,0.4670231729055258
3.0,15.0,3.0,0.6452762923351157
4.0,15.0,3.0,0.4861853832442068
1.0,16.0,3.0,0.6401515151515151
2.0,16.0,3.0,0.677361853832442
3.0,16.0,3.0,0.6278966131907309
4.0,16.0,3.0,0.6711229946524063
1.0,17.0,3.0,0.5289461781999096
2.0,17.0,3.0,0.6119402985074627
3.0,17.0,3.0,0.649932157394844
4.0,17.0,3.0,0.6132971506105834
1.0,18.0,3.0,0.5260695187165776
2.0,18.0,3.0,0.43894830659536543
3.0,18.0,3.0,0.5909090909090909
4.0,18.0,3.0,0.4692513368983957
1.0,19.0,3.0,0.551334237901402
2.0,19.0,3.0,0.5798281320669381
3.0,19.0,3.0,0.6101311623699683
4.0,19.0,3.0,0.5766621438263229
1.0,20.0,3.0,0.5920231729055258
2.0,20.0,3.0,0.6448306595365418
3.0,20.0,3.0,0.5926916221033868
4.0,20.0,3.0,0.6568627450980392
1.0,1.0,4.0,0.47593582887700525
2.0,1.0,4.0,0.43181818181818177
3.0,1.0,4.0,0.5459001782531194
4.0,1.0,4.0,0.5851158645276292
1.0,2.0,4.0,0.6241519674355497
2.0,2.0,4.0,0.6151062867480779
3.0,2.0,4.0,0.5083672546359115
4.0,2.0,4.0,0.5784712799638174
1.0,3.0,4.0,0.4344188150158299
2.0,3.0,4.0,0.39891451831750346
3.0,3.0,4.0,0.59520578923564
4.0,3.0,4.0,0.4138398914518318
1.0,4.0,4.0,0.5590230664857531
2.0,4.0,4.0,0.47761194029850745
3.0,4.0,4.0,0.6834011759384895
4.0,4.0,4.0,0.49163274536408874
1.0,5.0,4.0,0.6221033868092692
2.0,5.0,4.0,0.679590017825312
3.0,5.0,4.0,0.6140819964349377
4.0,5.0,4.0,0.6541889483065954
1.0,6.0,4.0,0.5102495543672014
2.0,6.0,4.0,0.5071301247771836
3.0,6.0,4.0,0.5254010695187166
4.0,6.0,4.0,0.5343137254901961
1.0,7.0,4.0,0.5069073083778968
2.0,7.0,4.0,0.6145276292335115
3.0,7.0,4.0,0.7040998217468805
4.0,7.0,4.0,0.6118538324420678
1.0,8.0,4.0,0.5369875222816399
2.0,8.0,4.0,0.640819964349376
3.0,8.0,4.0,0.5623885918003566
4.0,8.0,4.0,0.5989304812834225
1.0,9.0,4.0,0.6426956128448665
2.0,9.0,4.0,0.6680235187697875
3.0,9.0,4.0,0.5323383084577114
4.0,9.0,4.0,0.6571687019448215
1.0,10.0,4.0,0.5526910900045229
2.0,10.0,4.0,0.46992311171415657
3.0,10.0,4.0,0.5214834916327453
4.0,10.0,4.0,0.46947082767978293
1.0,11.0,4.0,0.5209447415329768
2.0,11.0,4.0,0.518716577540107
3.0,11.0,4.0,0.607397504456328
4.0,11.0,4.0,0.5040106951871657
1.0,12.0,4.0,0.5343137254901961
2.0,12.0,4.0,0.4946524064171123
3.0,12.0,4.0,0.5797682709447415
4.0,12.0,4.0,0.47237076648841353
1.0,13.0,4.0,0.5040106951871657
2.0,13.0,4.0,0.5325311942959001
3.0,13.0,4.0,0.5828877005347592
4.0,13.0,4.0,0.5303030303030303
1.0,14.0,4.0,0.4828431372549019
2.0,14.0,4.0,0.48440285204991096
3.0,14.0,4.0,0.6029411764705881
4.0,14.0,4.0,0.4790552584670232
1.0,15.0,4.0,0.5180913613749435
2.0,15.0,4.0,0.6128448665762098
3.0,15.0,4.0,0.6779737675260065
4.0,15.0,4.0,0.5888738127544096
1.0,16.0,4.0,0.6135232926277703
2.0,16.0,4.0,0.6187245590230667
3.0,16.0,4.0,0.5092718227046584
4.0,16.0,4.0,0.6218905472636816
1.0,17.0,4.0,0.4231283422459893
2.0,17.0,4.0,0.33021390374331555
3.0,17.0,4.0,0.7299465240641712
4.0,17.0,4.0,0.6715686274509802
1.0,18.0,4.0,0.6439393939393939
2.0,18.0,4.0,0.6390374331550803
3.0,18.0,4.0,0.5713012477718359
4.0,18.0,4.0,0.626559714795009
1.0,19.0,4.0,0.6419340463458109
2.0,19.0,4.0,0.6368092691622104
3.0,19.0,4.0,0.5271836007130125
4.0,19.0,4.0,0.6287878787878789
1.0,20.0,4.0,0.5160427807486632
2.0,20.0,4.0,0.47370766488413546
3.0,20.0,4.0,0.6314616755793226
4.0,20.0,4.0,0.4879679144385026
1.0,1.0,5.0,0.6038324420677362
2.0,1.0,5.0,0.7339572192513371
3.0,1.0,5.0,0.5414438502673797
4.0,1.0,5.0,0.7245989304812831
1.0,2.0,5.0,0.5160560832202623
2.0,2.0,5.0,0.5495251017639077
3.0,2.0,5.0,0.6209859791949345
4.0,2.0,5.0,0.5391225689733153
1.0,3.0,5.0,0.486883763003166
2.0,3.0,5.0,0.4554500226142018
3.0,3.0,5.0,0.5052012663952962
4.0,3.0,5.0,0.5581184984170059
1.0,4.0,5.0,0.5603832442067734
2.0,4.0,5.0,0.5958110516934046
3.0,4.0,5.0,0.6020499108734402
4.0,4.0,5.0,0.5913547237076648
1.0,5.0,5.0,0.5655080213903744
2.0,5.0,5.0,0.642156862745098
3.0,5.0,5.0,0.5735294117647058
4.0,5.0,5.0,0.6506238859180035
1.0,6.0,5.0,0.5597014925373135
2.0,6.0,5.0,0.38851198552691085
3.0,6.0,5.0,0.6426956128448668
4.0,6.0,5.0,0.5852555404794213
1.0,7.0,5.0,0.6372682044323836
2.0,7.0,5.0,0.6508367254635913
3.0,7.0,5.0,0.6146540027137043
4.0,7.0,5.0,0.6318407960199006
1.0,8.0,5.0,0.5906829488919042
2.0,8.0,5.0,0.6074174581637267
3.0,8.0,5.0,0.6151062867480779
4.0,8.0,5.0,0.6087743102668476
1.0,9.0,5.0,0.44097693351424694
2.0,9.0,5.0,0.39936680235187705
3.0,9.0,5.0,0.6589778380823158
4.0,9.0,5.0,0.5766621438263229
1.0,10.0,5.0,0.5988240615106288
2.0,10.0,5.0,0.40388964269561295
3.0,10.0,5.0,0.5581184984170058
4.0,10.0,5.0,0.6114880144730892
1.0,11.0,5.0,0.49064171122994654
2.0,11.0,5.0,0.5062388591800357
3.0,11.0,5.0,0.5508021390374331
4.0,11.0,5.0,0.4968805704099822
1.0,12.0,5.0,0.4579375848032564
2.0,12.0,5.0,0.43193125282677525
3.0,12.0,5.0,0.5857078245137947
4.0,12.0,5.0,0.4644957033016735
1.0,13.0,5.0,0.5467914438502675
2.0,13.0,5.0,0.5619429590017826
3.0,13.0,5.0,0.4973262032085562
4.0,13.0,5.0,0.5637254901960783
1.0,14.0,5.0,0.532790592492085
2.0,14.0,5.0,0.5739484396200814
3.0,14.0,5.0,0.5838986883763003
4.0,14.0,5.0,0.5712347354138398
1.0,15.0,5.0,0.5811849841700588
2.0,15.0,5.0,0.5703301673450928
3.0,15.0,5.0,0.5694255992763455
4.0,15.0,5.0,0.5400271370420624
1.0,16.0,5.0,0.535427807486631
2.0,16.0,5.0,0.48752228163992867
3.0,16.0,5.0,0.7214795008912656
4.0,16.0,5.0,0.4924242424242424
1.0,17.0,5.0,0.37834224598930477
2.0,17.0,5.0,0.40017825311942956
3.0,17.0,5.0,0.6278966131907308
4.0,17.0,5.0,0.6091800356506236
1.0,18.0,5.0,0.48395721925133683
2.0,18.0,5.0,0.5057932263814617
3.0,18.0,5.0,0.5115864527629235
4.0,18.0,5.0,0.5017825311942958
1.0,19.0,5.0,0.5579322638146167
2.0,19.0,5.0,0.5842245989304812
3.0,19.0,5.0,0.4781639928698752
4.0,19.0,5.0,0.591354723707665
1.0,20.0,5.0,0.4436274509803922
2.0,20.0,5.0,0.38458110516934046
3.0,20.0,5.0,0.7121212121212119
4.0,20.0,5.0,0.6047237076648841
1.0,1.0,6.0,0.454093170511081
2.0,1.0,6.0,0.40931705110809585
3.0,1.0,6.0,0.5563093622795116
4.0,1.0,6.0,0.555857078245138
1.0,2.0,6.0,0.6110357304387156
2.0,2.0,6.0,0.6702849389416555
3.0,2.0,6.0,0.5947535052012665
4.0,2.0,6.0,0.6540027137042063
1.0,3.0,6.0,0.5409317051108096
2.0,3.0,6.0,0.631388511985527
3.0,3.0,6.0,0.6716417910447762
4.0,3.0,6.0,0.6087743102668476
1.0,4.0,6.0,0.5861601085481682
2.0,4.0,6.0,0.5725915875169607
3.0,4.0,6.0,0.5734961555857078
4.0,4.0,6.0,0.5468113975576663
1.0,5.0,6.0,0.6662143826322932
2.0,5.0,6.0,0.7132519222071463
3.0,5.0,6.0,0.5391225689733153
4.0,5.0,6.0,0.72003618272275
1.0,6.0,6.0,0.6725463591135235
2.0,6.0,6.0,0.34509271822704657
3.0,6.0,6.0,0.5391225689733152
4.0,6.0,6.0,0.6603346901854367
1.0,7.0,6.0,0.6650836725463593
2.0,7.0,6.0,0.692899140660335
3.0,7.0,6.0,0.5698778833107192
4.0,7.0,6.0,0.6969696969696972
1.0,8.0,6.0,0.5391225689733152
2.0,8.0,6.0,0.556761646313885
3.0,8.0,6.0,0.6300316598824062
4.0,8.0,6.0,0.535052012663953
1.0,9.0,6.0,0.45075757575757575
2.0,9.0,6.0,0.41443850267379684
3.0,9.0,6.0,0.6243315508021391
4.0,9.0,6.0,0.4006238859180036
1.0,10.0,6.0,0.5293984622342831
2.0,10.0,6.0,0.4337403889642694
3.0,10.0,6.0,0.6123925825418364
4.0,10.0,6.0,0.5549525101763908
1.0,11.0,6.0,0.474898236092266
2.0,11.0,6.0,0.47354138398914514
3.0,11.0,6.0,0.5409317051108097
4.0,11.0,6.0,0.5391225689733152
1.0,12.0,6.0,0.6318407960199006
2.0,12.0,6.0,0.7204884667571236
3.0,12.0,6.0,0.8154681139755767
4.0,12.0,6.0,0.7073722297602896
1.0,13.0,6.0,0.6350267379679143
2.0,13.0,6.0,0.67602495543672
3.0,13.0,6.0,0.694295900178253
4.0,13.0,6.0,0.6849376114081998
1.0,14.0,6.0,0.4739936680235188
2.0,14.0,6.0,0.6300316598824062
3.0,14.0,6.0,0.7042062415196745
4.0,14.0,6.0,0.6178199909543194
1.0,15.0,6.0,0.5305258467023174
2.0,15.0,6.0,0.5770944741532977
3.0,15.0,6.0,0.5557040998217467
4.0,15.0,6.0,0.5851158645276291
1.0,16.0,6.0,0.5461229946524065
2.0,16.0,6.0,0.6617647058823529
3.0,16.0,6.0,0.6377005347593583
4.0,16.0,6.0,0.642602495543672
1.0,17.0,6.0,0.43147896879240166
2.0,17.0,6.0,0.43374038896426964
3.0,17.0,6.0,0.590682948891904
4.0,17.0,6.0,0.45725915875169604
1.0,18.0,6.0,0.49866310160427807
2.0,18.0,6.0,0.5824420677361853
3.0,18.0,6.0,0.6532976827094474
4.0,18.0,6.0,0.5677361853832443
1.0,19.0,6.0,0.5031194295900179
2.0,19.0,6.0,0.49286987522281633
3.0,19.0,6.0,0.5597147950089125
4.0,19.0,6.0,0.4777183600713012
1.0,20.0,6.0,0.6698326549072818
2.0,20.0,6.0,0.5725915875169607
3.0,20.0,6.0,0.5576662143826322
4.0,20.0,6.0,0.5870646766169155
1.0,1.0,7.0,0.5303030303030303
2.0,1.0,7.0,0.4696969696969698
3.0,1.0,7.0,0.6662210338680925
4.0,1.0,7.0,0.47727272727272735
1.0,2.0,7.0,0.5734961555857079
2.0,2.0,7.0,0.5757575757575758
3.0,2.0,7.0,0.5404794210764361
4.0,2.0,7.0,0.558118498417006
1.0,3.0,7.0,0.5958110516934046
2.0,3.0,7.0,0.6265597147950087
3.0,3.0,7.0,0.533422459893048
4.0,3.0,7.0,0.6488413547237079
1.0,4.0,7.0,0.5815508021390375
2.0,4.0,7.0,0.4429590017825312
3.0,4.0,7.0,0.5356506238859181
4.0,4.0,7.0,0.5472370766488414
1.0,5.0,7.0,0.478064224332881
2.0,5.0,7.0,0.5531433740388964
3.0,5.0,7.0,0.6603346901854366
4.0,5.0,7.0,0.551334237901402
1.0,6.0,7.0,0.5216131907308379
2.0,6.0,7.0,0.43449197860962574
3.0,6.0,7.0,0.6078431372549019
4.0,6.0,7.0,0.5730837789661318
1.0,7.0,7.0,0.5933966530981456
2.0,7.0,7.0,0.45771144278606973
3.0,7.0,7.0,0.6083220262324741
4.0,7.0,7.0,0.5757575757575758
1.0,8.0,7.0,0.4233378561736771
2.0,8.0,7.0,0.46268656716417905
3.0,8.0,7.0,0.6417910447761195
4.0,8.0,7.0,0.45816372682044315
1.0,9.0,7.0,0.606951871657754
2.0,9.0,7.0,0.4260249554367202
3.0,9.0,7.0,0.5962566844919786
4.0,9.0,7.0,0.5699643493761141
1.0,10.0,7.0,0.42786069651741293
2.0,10.0,7.0,0.43916779737675254
3.0,10.0,7.0,0.5956580732700137
4.0,10.0,7.0,0.4188150158299412
1.0,11.0,7.0,0.4810040705563093
2.0,11.0,7.0,0.37630031659882407
3.0,11.0,7.0,0.6874717322478517
4.0,11.0,7.0,0.6227951153324288
1.0,12.0,7.0,0.6250565355042967
2.0,12.0,7.0,0.6006331976481232
3.0,12.0,7.0,0.5526910900045229
4.0,12.0,7.0,0.6074174581637269
1.0,13.0,7.0,0.5443404634581105
2.0,13.0,7.0,0.5245098039215687
3.0,13.0,7.0,0.533422459893048
4.0,13.0,7.0,0.5102495543672014
1.0,14.0,7.0,0.4606512890094979
2.0,14.0,7.0,0.4445952057892357
3.0,14.0,7.0,0.5784712799638173
4.0,14.0,7.0,0.45228403437358666
1.0,15.0,7.0,0.5194482134780642
2.0,15.0,7.0,0.4233378561736769
3.0,15.0,7.0,0.7444595205789237
4.0,15.0,7.0,0.4310266847580279
1.0,16.0,7.0,0.6033868092691621
2.0,16.0,7.0,0.6350267379679143
3.0,16.0,7.0,0.5962566844919787
4.0,16.0,7.0,0.6314616755793226
1.0,17.0,7.0,0.4748982360922659
2.0,17.0,7.0,0.6019900497512439
3.0,17.0,7.0,0.6580732700135686
4.0,17.0,7.0,0.5938489371325193
1.0,18.0,7.0,0.5750891265597147
2.0,18.0,7.0,0.5494652406417112
3.0,18.0,7.0,0.4786096256684492
4.0,18.0,7.0,0.5668449197860962
1.0,19.0,7.0,0.4312528267752148
2.0,19.0,7.0,0.4066033469018544
3.0,19.0,7.0,0.5771144278606966
4.0,19.0,7.0,0.5753052917232023
1.0,20.0,7.0,0.3744911804613297
2.0,20.0,7.0,0.3541383989145183
3.0,20.0,7.0,0.61917684305744
4.0,20.0,7.0,0.6377204884667572
1.0,1.0,8.0,0.507688828584351
2.0,1.0,8.0,0.6395296246042516
3.0,1.0,8.0,0.6010854816824966
4.0,1.0,8.0,0.649932157394844
1.0,2.0,8.0,0.5508819538670285
2.0,2.0,8.0,0.6151062867480779
3.0,2.0,8.0,0.4468566259611036
4.0,2.0,8.0,0.5997286295793759
1.0,3.0,8.0,0.5126639529624605
2.0,3.0,8.0,0.603799185888738
3.0,3.0,8.0,0.5630936227951153
4.0,3.0,8.0,0.5965626413387607
1.0,4.0,8.0,0.48507130124777187
2.0,4.0,8.0,0.5343137254901962
3.0,4.0,8.0,0.5855614973262032
4.0,4.0,8.0,0.5472370766488414
1.0,5.0,8.0,0.6537765716870195
2.0,5.0,8.0,0.665309814563546
3.0,5.0,8.0,0.5079149706015378
4.0,5.0,8.0,0.6503844414292176
1.0,6.0,8.0,0.5233957219251337
2.0,6.0,8.0,0.44607843137254904
3.0,6.0,8.0,0.6091800356506238
4.0,6.0,8.0,0.4518716577540107
1.0,7.0,8.0,0.5220588235294117
2.0,7.0,8.0,0.5151515151515151
3.0,7.0,8.0,0.6853832442067738
4.0,7.0,8.0,0.5459001782531194
1.0,8.0,8.0,0.4919786096256685
2.0,8.0,8.0,0.5459001782531194
3.0,8.0,8.0,0.590909090909091
4.0,8.0,8.0,0.5267379679144384
1.0,9.0,8.0,0.607843137254902
2.0,9.0,8.0,0.7063279857397506
3.0,9.0,8.0,0.5579322638146166
4.0,9.0,8.0,0.6880570409982175
1.0,10.0,8.0,0.5305258467023173
2.0,10.0,8.0,0.46791443850267384
3.0,10.0,8.0,0.6399286987522279
4.0,10.0,8.0,0.4679144385026737
1.0,11.0,8.0,0.5327540106951872
2.0,11.0,8.0,0.5695187165775402
3.0,11.0,8.0,0.622994652406417
4.0,11.0,8.0,0.5588235294117645
1.0,12.0,8.0,0.5662596110357304
2.0,12.0,8.0,0.5965626413387608
3.0,12.0,8.0,0.587516960651289
4.0,12.0,8.0,0.5676164631388513
1.0,13.0,8.0,0.57123473541384
2.0,13.0,8.0,0.5621890547263683
3.0,13.0,8.0,0.5626413387607416
4.0,13.0,8.0,0.5612844866576211
1.0,14.0,8.0,0.5827679782903664
2.0,14.0,8.0,0.5952057892356402
3.0,14.0,8.0,0.47761194029850734
4.0,14.0,8.0,0.59520578923564
1.0,15.0,8.0,0.4948752228163993
2.0,15.0,8.0,0.4500891265597148
3.0,15.0,8.0,0.6287878787878789
4.0,15.0,8.0,0.44919786096256675
1.0,16.0,8.0,0.5204991087344029
2.0,16.0,8.0,0.41131907308377896
3.0,16.0,8.0,0.7201426024955438
4.0,16.0,8.0,0.587344028520499
1.0,17.0,8.0,0.6250000000000002
2.0,17.0,8.0,0.6149732620320856
3.0,17.0,8.0,0.5860071301247771
4.0,17.0,8.0,0.6278966131907309
1.0,18.0,8.0,0.5515603799185886
2.0,18.0,8.0,0.4871099050203528
3.0,18.0,8.0,0.6490275893260969
4.0,18.0,8.0,0.5052012663952963
1.0,19.0,8.0,0.551247771836007
2.0,19.0,8.0,0.6176470588235293
3.0,19.0,8.0,0.5565953654188948
4.0,19.0,8.0,0.6305704099821746
1.0,20.0,8.0,0.5549525101763908
2.0,20.0,8.0,0.4341926729986431
3.0,20.0,8.0,0.6291270918136589
4.0,20.0,8.0,0.5563093622795116
1.0,1.0,9.0,0.5764360018091362
2.0,1.0,9.0,0.38398914518317506
3.0,1.0,9.0,0.5744007236544552
4.0,1.0,9.0,0.5902306648575306
1.0,2.0,9.0,0.5269109000452283
2.0,2.0,9.0,0.4301221166892809
3.0,2.0,9.0,0.6218905472636816
4.0,2.0,9.0,0.5649027589326098
1.0,3.0,9.0,0.5129233511586453
2.0,3.0,9.0,0.4942067736185382
3.0,3.0,9.0,0.589572192513369
4.0,3.0,9.0,0.4982174688057041
1.0,4.0,9.0,0.5436454093170512
2.0,4.0,9.0,0.6142017186793308
3.0,4.0,9.0,0.5522388059701492
4.0,4.0,9.0,0.6142017186793307
1.0,5.0,9.0,0.5712347354138398
2.0,5.0,9.0,0.4821347806422433
3.0,5.0,9.0,0.6852103120759838
4.0,5.0,9.0,0.4875621890547263
1.0,6.0,9.0,0.670737222976029
2.0,6.0,9.0,0.6901854364540932
3.0,6.0,9.0,0.6155585707824515
4.0,6.0,9.0,0.6861148801447309
1.0,7.0,9.0,0.6139755766621439
2.0,7.0,9.0,0.6770691994572593
3.0,7.0,9.0,0.5838986883763004
4.0,7.0,9.0,0.6725463591135235
1.0,8.0,9.0,0.6227951153324288
2.0,8.0,9.0,0.6684758028041611
3.0,8.0,9.0,0.632293080054274
4.0,8.0,9.0,0.6748077792853914
1.0,9.0,9.0,0.5879692446856626
2.0,9.0,9.0,0.706919945725916
3.0,9.0,9.0,0.6612392582541837
4.0,9.0,9.0,0.7014925373134329
1.0,10.0,9.0,0.5692959001782532
2.0,10.0,9.0,0.6073975044563281
3.0,10.0,9.0,0.5980392156862745
4.0,10.0,9.0,0.5851158645276291
1.0,11.0,9.0,0.5205789235639983
2.0,11.0,9.0,0.5680687471732248
3.0,11.0,9.0,0.6318407960199006
4.0,11.0,9.0,0.5716870194482134
1.0,12.0,9.0,0.46969696969696967
2.0,12.0,9.0,0.508819538670285
3.0,12.0,9.0,0.49389416553595666
4.0,12.0,9.0,0.5128900949796472
1.0,13.0,9.0,0.5052012663952963
2.0,13.0,9.0,0.6114880144730891
3.0,13.0,9.0,0.5943012211668928
4.0,13.0,9.0,0.6255088195386702
1.0,14.0,9.0,0.4703753957485301
2.0,14.0,9.0,0.46359113523292633
3.0,14.0,9.0,0.5906829488919041
4.0,14.0,9.0,0.48213478064224335
1.0,15.0,9.0,0.6568627450980392
2.0,15.0,9.0,0.60650623885918
3.0,15.0,9.0,0.5512477718360071
4.0,15.0,9.0,0.5860071301247771
1.0,16.0,9.0,0.5407055630936228
2.0,16.0,9.0,0.4142921754862053
3.0,16.0,9.0,0.6779737675260065
4.0,16.0,9.0,0.57123473541384
1.0,17.0,9.0,0.5459068294889191
2.0,17.0,9.0,0.6250565355042969
3.0,17.0,9.0,0.6377204884667572
4.0,17.0,9.0,0.5730438715513343
1.0,18.0,9.0,0.5915775401069518
2.0,18.0,9.0,0.6461675579322637
3.0,18.0,9.0,0.641711229946524
4.0,18.0,9.0,0.6154188948306597
1.0,19.0,9.0,0.5601537765716871
2.0,19.0,9.0,0.6671189507010402
3.0,19.0,9.0,0.6734509271822705
4.0,19.0,9.0,0.65445499773858
1.0,20.0,9.0,0.39574853007688826
2.0,20.0,9.0,0.5965626413387607
3.0,20.0,9.0,0.584350972410674
4.0,20.0,9.0,0.6128448665762098
1.0,1.0,10.0,0.5947535052012666
2.0,1.0,10.0,0.647670737222976
3.0,1.0,10.0,0.5816372682044324
4.0,1.0,10.0,0.6386250565355043
1.0,2.0,10.0,0.44369063772048845
2.0,2.0,10.0,0.5771144278606964
3.0,2.0,10.0,0.633649932157395
4.0,2.0,10.0,0.5694255992763455
1.0,3.0,10.0,0.5296246042514698
2.0,3.0,10.0,0.5011307100859339
3.0,3.0,10.0,0.5902306648575305
4.0,3.0,10.0,0.521935775667119
1.0,4.0,10.0,0.5341474445952059
2.0,4.0,10.0,0.5621890547263683
3.0,4.0,10.0,0.6110357304387156
4.0,4.0,10.0,0.5522388059701494
1.0,5.0,10.0,0.4797237076648841
2.0,5.0,10.0,0.42290552584670227
3.0,5.0,10.0,0.5860071301247772
4.0,5.0,10.0,0.5837789661319073
1.0,6.0,10.0,0.5508819538670284
2.0,6.0,10.0,0.6083220262324741
3.0,6.0,10.0,0.6087743102668476
4.0,6.0,10.0,0.6033469018543646
1.0,7.0,10.0,0.5526910900045228
2.0,7.0,10.0,0.4726368159203979
3.0,7.0,10.0,0.5938489371325192
4.0,7.0,10.0,0.5427408412483039
1.0,8.0,10.0,0.4611035730438715
2.0,8.0,10.0,0.6359113523292629
3.0,8.0,10.0,0.6820443238353687
4.0,8.0,10.0,0.6291270918136591
1.0,9.0,10.0,0.46836007130124774
2.0,9.0,10.0,0.4857397504456328
3.0,9.0,10.0,0.5953654188948306
4.0,9.0,10.0,0.4942067736185383
1.0,10.0,10.0,0.5468113975576663
2.0,10.0,10.0,0.5965626413387609
3.0,10.0,10.0,0.6119402985074627
4.0,10.0,10.0,0.5798281320669381
1.0,11.0,10.0,0.5033921302578019
2.0,11.0,10.0,0.48484848484848486
3.0,11.0,10.0,0.6268656716417912
4.0,11.0,10.0,0.5056535504296699
1.0,12.0,10.0,0.586386250565355
2.0,12.0,10.0,0.6594301221166894
3.0,12.0,10.0,0.6214382632293081
4.0,12.0,10.0,0.6508367254635912
1.0,13.0,10.0,0.6270053475935826
2.0,13.0,10.0,0.6827094474153297
3.0,13.0,10.0,0.6657754010695187
4.0,13.0,10.0,0.7058823529411765
1.0,14.0,10.0,0.5349821746880572
2.0,14.0,10.0,0.5851158645276292
3.0,14.0,10.0,0.6020499108734404
4.0,14.0,10.0,0.5552584670231727
1.0,15.0,10.0,0.4778380823156943
2.0,15.0,10.0,0.6096788783355949
3.0,15.0,10.0,0.610583446404342
4.0,15.0,10.0,0.6069651741293534
1.0,16.0,10.0,0.4545454545454546
2.0,16.0,10.0,0.4215287200361827
3.0,16.0,10.0,0.6282225237449117
4.0,16.0,10.0,0.5725915875169607
1.0,17.0,10.0,0.5650623885918006
2.0,17.0,10.0,0.6114081996434938
3.0,17.0,10.0,0.6305704099821745
4.0,17.0,10.0,0.5909090909090908
1.0,18.0,10.0,0.47771836007130125
2.0,18.0,10.0,0.6105169340463457
3.0,18.0,10.0,0.6586452762923349
4.0,18.0,10.0,0.5895721925133689
1.0,19.0,10.0,0.5361827227498869
2.0,19.0,10.0,0.6236996834011759
3.0,19.0,10.0,0.6919945725915877
4.0,19.0,10.0,0.6173677069199457
1.0,20.0,10.0,0.48258706467661683
2.0,20.0,10.0,0.45952057892356407
3.0,20.0,10.0,0.6779737675260064
4.0,20.0,10.0,0.46947082767978293
1.0,1.0,11.0,0.5846702317290553
2.0,1.0,11.0,0.45053475935828874
3.0,1.0,11.0,0.7112299465240641
4.0,1.0,11.0,0.554367201426025
1.0,2.0,11.0,0.5425146992311172
2.0,2.0,11.0,0.6051560379918591
3.0,2.0,11.0,0.4694708276797829
4.0,2.0,11.0,0.6042514699231117
1.0,3.0,11.0,0.482174688057041
2.0,3.0,11.0,0.5601604278074866
3.0,3.0,11.0,0.6786987522281641
4.0,3.0,11.0,0.5588235294117647
1.0,4.0,11.0,0.5431931252826775
2.0,4.0,11.0,0.5653550429669832
3.0,4.0,11.0,0.5676164631388513
4.0,4.0,11.0,0.5323383084577115
1.0,5.0,11.0,0.5603799185888738
2.0,5.0,11.0,0.42559927634554495
3.0,5.0,11.0,0.5780189959294438
4.0,5.0,11.0,0.5662596110357304
1.0,6.0,11.0,0.47014260249554374
2.0,6.0,11.0,0.46033868092691627
3.0,6.0,11.0,0.5476827094474153
4.0,6.0,11.0,0.46836007130124774
1.0,7.0,11.0,0.5149286987522281
2.0,7.0,11.0,0.5574866310160429
3.0,7.0,11.0,0.6207664884135472
4.0,7.0,11.0,0.5485739750445634
1.0,8.0,11.0,0.6535204991087344
2.0,8.0,11.0,0.6662210338680926
3.0,8.0,11.0,0.6256684491978608
4.0,8.0,11.0,0.6221033868092691
1.0,9.0,11.0,0.4788324420677361
2.0,9.0,11.0,0.4670231729055258
3.0,9.0,11.0,0.5717468805704099
4.0,9.0,11.0,0.46524064171123014
1.0,10.0,11.0,0.43983957219251335
2.0,10.0,11.0,0.60873440285205
3.0,10.0,11.0,0.6461675579322638
4.0,10.0,11.0,0.5962566844919786
1.0,11.0,11.0,0.47444595205789236
2.0,11.0,11.0,0.4685662596110357
3.0,11.0,11.0,0.6635006784260516
4.0,11.0,11.0,0.464947987336047
1.0,12.0,11.0,0.46301247771836
2.0,12.0,11.0,0.5900178253119431
3.0,12.0,11.0,0.6711229946524063
4.0,12.0,11.0,0.5681818181818183
1.0,13.0,11.0,0.5314337403889642
2.0,13.0,11.0,0.48575305291723203
3.0,13.0,11.0,0.613749434644957
4.0,13.0,11.0,0.4916327453640887
1.0,14.0,11.0,0.35187697874265034
2.0,14.0,11.0,0.6797829036635008
3.0,14.0,11.0,0.6087743102668476
4.0,14.0,11.0,0.6757123473541385
1.0,15.0,11.0,0.6132971506105835
2.0,15.0,11.0,0.6178199909543194
3.0,15.0,11.0,0.598371777476255
4.0,15.0,11.0,0.598371777476255
1.0,16.0,11.0,0.41610131162369973
2.0,16.0,11.0,0.680687471732248
3.0,16.0,11.0,0.7213930348258708
4.0,16.0,11.0,0.6834011759384894
1.0,17.0,11.0,0.6016042780748664
2.0,17.0,11.0,0.4037433155080214
3.0,17.0,11.0,0.5762032085561497
4.0,17.0,11.0,0.5744206773618539
1.0,18.0,11.0,0.46291270918136584
2.0,18.0,11.0,0.566711895070104
3.0,18.0,11.0,0.5834464043419267
4.0,18.0,11.0,0.5680687471732248
1.0,19.0,11.0,0.5383244206773619
2.0,19.0,11.0,0.6394830659536541
3.0,19.0,11.0,0.624331550802139
4.0,19.0,11.0,0.6189839572192515
1.0,20.0,11.0,0.42831298055178657
2.0,20.0,11.0,0.4581637268204433
3.0,20.0,11.0,0.5662596110357305
4.0,20.0,11.0,0.5639981908638625
1.0,1.0,12.0,0.5691994572591587
2.0,1.0,12.0,0.6463138851198553
3.0,1.0,12.0,0.6684758028041611
4.0,1.0,12.0,0.6322930800542742
1.0,2.0,12.0,0.5056535504296699
2.0,2.0,12.0,0.5807327001356852
3.0,2.0,12.0,0.728629579375848
4.0,2.0,12.0,0.5531433740388965
1.0,3.0,12.0,0.5877431026684757
2.0,3.0,12.0,0.6924468566259614
3.0,3.0,12.0,0.6372682044323836
4.0,3.0,12.0,0.6770691994572594
1.0,4.0,12.0,0.6243315508021392
2.0,4.0,12.0,0.4754901960784313
3.0,4.0,12.0,0.49554367201426025
4.0,4.0,12.0,0.5022281639928698
1.0,5.0,12.0,0.5713012477718359
2.0,5.0,12.0,0.4068627450980392
3.0,5.0,12.0,0.5062388591800355
4.0,5.0,12.0,0.5891265597147949
1.0,6.0,12.0,0.5011307100859339
2.0,6.0,12.0,0.4726368159203981
3.0,6.0,12.0,0.5988240615106286
4.0,6.0,12.0,0.483491632745364
1.0,7.0,12.0,0.5131461675579322
2.0,7.0,12.0,0.4692513368983957
3.0,7.0,12.0,0.5334224598930482
4.0,7.0,12.0,0.5530303030303031
1.0,8.0,12.0,0.5953654188948306
2.0,8.0,12.0,0.5975935828877006
3.0,8.0,12.0,0.6180926916221037
4.0,8.0,12.0,0.5913547237076651
1.0,9.0,12.0,0.5205789235639983
2.0,9.0,12.0,0.41157847127996383
3.0,9.0,12.0,0.6616915422885573
4.0,9.0,12.0,0.4156490275893261
1.0,10.0,12.0,0.6056083220262325
2.0,10.0,12.0,0.5811849841700588
3.0,10.0,12.0,0.5671641791044777
4.0,10.0,12.0,0.5866123925825418
1.0,11.0,12.0,0.5187697874265038
2.0,11.0,12.0,0.4364540931705111
3.0,11.0,12.0,0.6069651741293534
4.0,11.0,12.0,0.45273631840796014
1.0,12.0,12.0,0.5523618538324421
2.0,12.0,12.0,0.5770944741532976
3.0,12.0,12.0,0.6047237076648841
4.0,12.0,12.0,0.5619429590017825
1.0,13.0,12.0,0.51849376114082
2.0,13.0,12.0,0.44830659536541884
3.0,13.0,12.0,0.6127450980392156
4.0,13.0,12.0,0.5423351158645277
1.0,14.0,12.0,0.6275440976933515
2.0,14.0,12.0,0.6223428312980552
3.0,14.0,12.0,0.5979194934418814
4.0,14.0,12.0,0.6341022161917685
1.0,15.0,12.0,0.6207664884135472
2.0,15.0,12.0,0.40374331550802145
3.0,15.0,12.0,0.5360962566844919
4.0,15.0,12.0,0.589126559714795
1.0,16.0,12.0,0.5970149253731345
2.0,16.0,12.0,0.5870646766169154
3.0,16.0,12.0,0.5545002261420171
4.0,16.0,12.0,0.6078697421981005
1.0,17.0,12.0,0.5633197648123021
2.0,17.0,12.0,0.6526458616010856
3.0,17.0,12.0,0.7055630936227952
4.0,17.0,12.0,0.6494798733604704
1.0,18.0,12.0,0.5249554367201426
2.0,18.0,12.0,0.6898395721925135
3.0,18.0,12.0,0.6114081996434938
4.0,18.0,12.0,0.6586452762923352
1.0,19.0,12.0,0.45454545454545453
2.0,19.0,12.0,0.4138398914518317
3.0,19.0,12.0,0.7091813658977839
4.0,19.0,12.0,0.41338760741745817
1.0,20.0,12.0,0.5677361853832442
2.0,20.0,12.0,0.6648841354723706
3.0,20.0,12.0,0.6550802139037432
4.0,20.0,12.0,0.6555258467023172
1.0,1.0,13.0,0.548168249660787
2.0,1.0,13.0,0.44369063772048845
3.0,1.0,13.0,0.6010854816824966
4.0,1.0,13.0,0.540479421076436
1.0,2.0,13.0,0.5513342379014021
2.0,2.0,13.0,0.6309362279511534
3.0,2.0,13.0,0.6345545002261421
4.0,2.0,13.0,0.6318407960199006
1.0,3.0,13.0,0.6099050203527816
2.0,3.0,13.0,0.5698778833107191
3.0,3.0,13.0,0.5734961555857078
4.0,3.0,13.0,0.561284486657621
1.0,4.0,13.0,0.4871099050203528
2.0,4.0,13.0,0.6264133876074174
3.0,4.0,13.0,0.5970149253731343
4.0,4.0,13.0,0.6241519674355496
1.0,5.0,13.0,0.44763814616755787
2.0,5.0,13.0,0.6105169340463458
3.0,5.0,13.0,0.606951871657754
4.0,5.0,13.0,0.6109625668449198
1.0,6.0,13.0,0.6091800356506238
2.0,6.0,13.0,0.679590017825312
3.0,6.0,13.0,0.6492869875222816
4.0,6.0,13.0,0.6693404634581107
1.0,7.0,13.0,0.5521390374331551
2.0,7.0,13.0,0.5958110516934046
3.0,7.0,13.0,0.6256684491978611
4.0,7.0,13.0,0.5842245989304813
1.0,8.0,13.0,0.5615106286748077
2.0,8.0,13.0,0.4676616915422885
3.0,8.0,13.0,0.6503844414292176
4.0,8.0,13.0,0.4916327453640887
1.0,9.0,13.0,0.5619429590017826
2.0,9.0,13.0,0.5632798573975045
3.0,9.0,13.0,0.6109625668449197
4.0,9.0,13.0,0.5877896613190732
1.0,10.0,13.0,0.5850293984622343
2.0,10.0,13.0,0.5924920850293984
3.0,10.0,13.0,0.5124378109452736
4.0,10.0,13.0,0.5988240615106287
1.0,11.0,13.0,0.43025846702317294
2.0,11.0,13.0,0.6194295900178253
3.0,11.0,13.0,0.6359180035650623
4.0,11.0,13.0,0.6207664884135473
1.0,12.0,13.0,0.5102495543672014
2.0,12.0,13.0,0.5926916221033868
3.0,12.0,13.0,0.6292335115864528
4.0,12.0,13.0,0.5802139037433155
1.0,13.0,13.0,0.467209407507915
2.0,13.0,13.0,0.6074174581637269
3.0,13.0,13.0,0.7209407507914972
4.0,13.0,13.0,0.5766621438263231
1.0,14.0,13.0,0.464349376114082
2.0,14.0,13.0,0.3926024955436719
3.0,14.0,13.0,0.6221033868092691
4.0,14.0,13.0,0.5900178253119428
1.0,15.0,13.0,0.6250565355042967
2.0,15.0,13.0,0.6644052464947986
3.0,15.0,13.0,0.6757123473541387
4.0,15.0,13.0,0.6408864767073722
1.0,16.0,13.0,0.6404341926729986
2.0,16.0,13.0,0.5933966530981456
3.0,16.0,13.0,0.5359565807327002
4.0,16.0,13.0,0.5879692446856626
1.0,17.0,13.0,0.5714608774310267
2.0,17.0,13.0,0.5106286748077794
3.0,17.0,13.0,0.5635459068294888
4.0,17.0,13.0,0.48665762098597926
1.0,18.0,13.0,0.5049019607843136
2.0,18.0,13.0,0.45677361853832443
3.0,18.0,13.0,0.6158645276292335
4.0,18.0,13.0,0.4612299465240641
1.0,19.0,13.0,0.4685662596110357
2.0,19.0,13.0,0.5888738127544099
3.0,19.0,13.0,0.5725915875169606
4.0,19.0,13.0,0.5572139303482587
1.0,20.0,13.0,0.5705563093622795
2.0,20.0,13.0,0.457259158751696
3.0,20.0,13.0,0.6246042514699233
4.0,20.0,13.0,0.47625508819538676
1.0,1.0,14.0,0.5725915875169606
2.0,1.0,14.0,0.42424242424242414
3.0,1.0,14.0,0.6974219810040706
4.0,1.0,14.0,0.5712347354138398
1.0,2.0,14.0,0.5730438715513342
2.0,2.0,14.0,0.47851650836725457
3.0,2.0,14.0,0.6386250565355043
4.0,2.0,14.0,0.5563093622795116
1.0,3.0,14.0,0.4733152419719583
2.0,3.0,14.0,0.4794210764360019
3.0,3.0,14.0,0.6191768430574401
4.0,3.0,14.0,0.49027589326096793
1.0,4.0,14.0,0.46019900497512445
2.0,4.0,14.0,0.6390773405698781
3.0,4.0,14.0,0.6381727725011308
4.0,4.0,14.0,0.6304839439167799
1.0,5.0,14.0,0.5659536541889483
2.0,5.0,14.0,0.6212121212121211
3.0,5.0,14.0,0.5931372549019608
4.0,5.0,14.0,0.622549019607843
1.0,6.0,14.0,0.5838986883763002
2.0,6.0,14.0,0.5029398462234284
3.0,6.0,14.0,0.7137042062415198
4.0,6.0,14.0,0.5083672546359114
1.0,7.0,14.0,0.6069518716577537
2.0,7.0,14.0,0.6069518716577541
3.0,7.0,14.0,0.5913547237076647
4.0,7.0,14.0,0.604723707664884
1.0,8.0,14.0,0.5230664857530529
2.0,8.0,14.0,0.6377204884667573
3.0,8.0,14.0,0.6621438263229309
4.0,8.0,14.0,0.6300316598824064
1.0,9.0,14.0,0.535650623885918
2.0,9.0,14.0,0.553475935828877
3.0,9.0,14.0,0.5788770053475936
4.0,9.0,14.0,0.5793226381461676
1.0,10.0,14.0,0.5205789235639982
2.0,10.0,14.0,0.4586160108548169
3.0,10.0,14.0,0.6540027137042063
4.0,10.0,14.0,0.5707824513794663
1.0,11.0,14.0,0.5269109000452284
2.0,11.0,14.0,0.5223880597014926
3.0,11.0,14.0,0.6490275893260968
4.0,11.0,14.0,0.5210312075983718
1.0,12.0,14.0,0.5673903211216644
2.0,12.0,14.0,0.5802804161013116
3.0,12.0,14.0,0.6273179556761647
4.0,12.0,14.0,0.5563093622795117
1.0,13.0,14.0,0.5226142017186794
2.0,13.0,14.0,0.5567616463138851
3.0,13.0,14.0,0.5404794210764361
4.0,13.0,14.0,0.5703301673450928
1.0,14.0,14.0,0.48552691090004524
2.0,14.0,14.0,0.5653550429669832
3.0,14.0,14.0,0.5943012211668929
4.0,14.0,14.0,0.5581184984170059
1.0,15.0,14.0,0.49434644957033014
2.0,15.0,14.0,0.40388964269561284
3.0,15.0,14.0,0.733152419719584
4.0,15.0,14.0,0.6056083220262324
1.0,16.0,14.0,0.6406603346901855
2.0,16.0,14.0,0.6806874717322479
3.0,16.0,14.0,0.6734509271822705
4.0,16.0,14.0,0.6829488919041158
1.0,17.0,14.0,0.6437165775401069
2.0,17.0,14.0,0.6341354723707664
3.0,17.0,14.0,0.5953654188948307
4.0,17.0,14.0,0.6203208556149734
1.0,18.0,14.0,0.5070104025327905
2.0,18.0,14.0,0.41745816372682043
3.0,18.0,14.0,0.7028493894165536
4.0,18.0,14.0,0.461781999095432
1.0,19.0,14.0,0.6065128900949796
2.0,19.0,14.0,0.6309362279511534
3.0,19.0,14.0,0.6074174581637268
4.0,19.0,14.0,0.6273179556761648
1.0,20.0,14.0,0.6341354723707665
2.0,20.0,14.0,0.6265597147950088
3.0,20.0,14.0,0.5713012477718359
4.0,20.0,14.0,0.6140819964349375
1.0,1.0,15.0,0.5511080958842154
2.0,1.0,15.0,0.45680687471732256
3.0,1.0,15.0,0.5780189959294437
4.0,1.0,15.0,0.4843962008141113
1.0,2.0,15.0,0.6011586452762924
2.0,2.0,15.0,0.6336898395721924
3.0,2.0,15.0,0.5147058823529411
4.0,2.0,15.0,0.5998217468805703
1.0,3.0,15.0,0.5632798573975044
2.0,3.0,15.0,0.5053475935828876
3.0,3.0,15.0,0.6684491978609626
4.0,3.0,15.0,0.53475935828877
1.0,4.0,15.0,0.6214382632293082
2.0,4.0,15.0,0.6757123473541384
3.0,4.0,15.0,0.5047489823609227
4.0,4.0,15.0,0.6625961103573045
1.0,5.0,15.0,0.5133689839572192
2.0,5.0,15.0,0.5432263814616757
3.0,5.0,15.0,0.5213903743315508
4.0,5.0,15.0,0.5392156862745099
1.0,6.0,15.0,0.5300768882858435
2.0,6.0,15.0,0.5237449118046134
3.0,6.0,15.0,0.6096788783355948
4.0,6.0,15.0,0.5052012663952963
1.0,7.0,15.0,0.5972410673903212
2.0,7.0,15.0,0.6553595658073271
3.0,7.0,15.0,0.6607869742198101
4.0,7.0,15.0,0.6476707372229761
1.0,8.0,15.0,0.45816372682044326
2.0,8.0,15.0,0.4219810040705563
3.0,8.0,15.0,0.6363636363636366
4.0,8.0,15.0,0.4246947082767978
1.0,9.0,15.0,0.5151515151515152
2.0,9.0,15.0,0.5387700534759358
3.0,9.0,15.0,0.6207664884135472
4.0,9.0,15.0,0.5552584670231729
1.0,10.0,15.0,0.5543672014260249
2.0,10.0,15.0,0.569964349376114
3.0,10.0,15.0,0.5499108734402852
4.0,10.0,15.0,0.5606060606060606
1.0,11.0,15.0,0.4739304812834225
2.0,11.0,15.0,0.463903743315508
3.0,11.0,15.0,0.557040998217469
4.0,11.0,15.0,0.5632798573975043
1.0,12.0,15.0,0.5777629233511586
2.0,12.0,15.0,0.6319073083778963
3.0,12.0,15.0,0.7023172905525847
4.0,12.0,15.0,0.6310160427807486
1.0,13.0,15.0,0.5946969696969698
2.0,13.0,15.0,0.6198752228163995
3.0,13.0,15.0,0.6007130124777185
4.0,13.0,15.0,0.625222816399287
1.0,14.0,15.0,0.5548128342245988
2.0,14.0,15.0,0.5802139037433155
3.0,14.0,15.0,0.5753119429590017
4.0,14.0,15.0,0.5757575757575757
1.0,15.0,15.0,0.5221619176843058
2.0,15.0,15.0,0.5952057892356399
3.0,15.0,15.0,0.521935775667119
4.0,15.0,15.0,0.5843509724106738
1.0,16.0,15.0,0.44572591587516963
2.0,16.0,15.0,0.6209859791949344
3.0,16.0,15.0,0.6142017186793306
4.0,16.0,15.0,0.6114880144730891
1.0,17.0,15.0,0.578697421981004
2.0,17.0,15.0,0.5685210312075983
3.0,17.0,15.0,0.5468113975576663
4.0,17.0,15.0,0.5698778833107191
1.0,18.0,15.0,0.4093170511080959
2.0,18.0,15.0,0.39258254183627317
3.0,18.0,15.0,0.6282225237449117
4.0,18.0,15.0,0.6187245590230666
1.0,19.0,15.0,0.6947415329768268
2.0,19.0,15.0,0.6769162210338681
3.0,19.0,15.0,0.5860071301247771
4.0,19.0,15.0,0.6666666666666665
1.0,20.0,15.0,0.6521836007130125
2.0,20.0,15.0,0.6573083778966132
3.0,20.0,15.0,0.5499108734402852
4.0,20.0,15.0,0.6537433155080213
1.0,1.0,16.0,0.5771144278606967
2.0,1.0,16.0,0.7127996381727727
3.0,1.0,16.0,0.5499773857982814
4.0,1.0,16.0,0.7010402532790594
1.0,2.0,16.0,0.5859339665309814
2.0,2.0,16.0,0.41745816372682054
3.0,2.0,16.0,0.5192220714608775
4.0,2.0,16.0,0.5843509724106739
1.0,3.0,16.0,0.5119855269109002
2.0,3.0,16.0,0.48484848484848475
3.0,3.0,16.0,0.5870646766169154
4.0,3.0,16.0,0.49615558570782436
1.0,4.0,16.0,0.5768716577540107
2.0,4.0,16.0,0.7098930481283422
3.0,4.0,16.0,0.6991978609625668
4.0,4.0,16.0,0.6925133689839573
1.0,5.0,16.0,0.4939839572192514
2.0,5.0,16.0,0.5276292335115865
3.0,5.0,16.0,0.5579322638146167
4.0,5.0,16.0,0.5129233511586453
1.0,6.0,16.0,0.6646313885119856
2.0,6.0,16.0,0.6535504296698328
3.0,6.0,16.0,0.5857078245137948
4.0,6.0,16.0,0.6445047489823609
1.0,7.0,16.0,0.5590230664857531
2.0,7.0,16.0,0.5703301673450927
3.0,7.0,16.0,0.7268204432383538
4.0,7.0,16.0,0.5436454093170511
1.0,8.0,16.0,0.5205789235639982
2.0,8.0,16.0,0.5893260967887833
3.0,8.0,16.0,0.629127091813659
4.0,8.0,16.0,0.5757575757575758
1.0,9.0,16.0,0.5386702849389416
2.0,9.0,16.0,0.4970601537765716
3.0,9.0,16.0,0.6729986431478969
4.0,9.0,16.0,0.5169606512890096
1.0,10.0,16.0,0.4947987336047037
2.0,10.0,16.0,0.5119855269109002
3.0,10.0,16.0,0.5639981908638626
4.0,10.0,16.0,0.5015829941203076
1.0,11.0,16.0,0.4574853007688829
2.0,11.0,16.0,0.45861601085481696
3.0,11.0,16.0,0.592944369063772
4.0,11.0,16.0,0.4504748982360923
1.0,12.0,16.0,0.44075079149706003
2.0,12.0,16.0,0.5793758480325645
3.0,12.0,16.0,0.6716417910447763
4.0,12.0,16.0,0.5753052917232021
1.0,13.0,16.0,0.4549977385798281
2.0,13.0,16.0,0.42966983265490727
3.0,13.0,16.0,0.6395296246042516
4.0,13.0,16.0,0.44549977385798284
1.0,14.0,16.0,0.4853007688828584
2.0,14.0,16.0,0.4902758932609678
3.0,14.0,16.0,0.6304839439167798
4.0,14.0,16.0,0.48168249660786966
1.0,15.0,16.0,0.5851158645276293
2.0,15.0,16.0,0.6096256684491979
3.0,15.0,16.0,0.6078431372549019
4.0,15.0,16.0,0.6002673796791445
1.0,16.0,16.0,0.5456773618538324
2.0,16.0,16.0,0.5570409982174688
3.0,16.0,16.0,0.4897504456327986
4.0,16.0,16.0,0.5583778966131907
1.0,17.0,16.0,0.4758028041610131
2.0,17.0,16.0,0.40298507462686567
3.0,17.0,16.0,0.725463591135233
4.0,17.0,16.0,0.4369063772048848
1.0,18.0,16.0,0.5971479500891265
2.0,18.0,16.0,0.5940285204991087
3.0,18.0,16.0,0.5267379679144384
4.0,18.0,16.0,0.5775401069518716
1.0,19.0,16.0,0.6472816399286988
2.0,19.0,16.0,0.7673796791443851
3.0,19.0,16.0,0.732620320855615
4.0,19.0,16.0,0.749108734402852
1.0,20.0,16.0,0.5942513368983957
2.0,20.0,16.0,0.5962566844919787
3.0,20.0,16.0,0.5949197860962566
4.0,20.0,16.0,0.6038324420677362
1.0,1.0,17.0,0.5382180009045681
2.0,1.0,17.0,0.441881501582994
3.0,1.0,17.0,0.618272274988693
4.0,1.0,17.0,0.5531433740388965
1.0,2.0,17.0,0.5888738127544099
2.0,2.0,17.0,0.6426956128448666
3.0,2.0,17.0,0.592039800995025
4.0,2.0,17.0,0.6110357304387156
1.0,3.0,17.0,0.5133423790140209
2.0,3.0,17.0,0.57123473541384
3.0,3.0,17.0,0.5079149706015378
4.0,3.0,17.0,0.568973315241972
1.0,4.0,17.0,0.48055178652193575
2.0,4.0,17.0,0.6151062867480779
3.0,4.0,17.0,0.63681592039801
4.0,4.0,17.0,0.5893260967887834
1.0,5.0,17.0,0.5364088647670737
2.0,5.0,17.0,0.5956580732700136
3.0,5.0,17.0,0.6300316598824063
4.0,5.0,17.0,0.5875169606512891
1.0,6.0,17.0,0.5757575757575759
2.0,6.0,17.0,0.6725463591135233
3.0,6.0,17.0,0.659882406151063
4.0,6.0,17.0,0.6603346901854364
1.0,7.0,17.0,0.6691542288557214
2.0,7.0,17.0,0.6616915422885573
3.0,7.0,17.0,0.5716870194482135
4.0,7.0,17.0,0.6436001809136138
1.0,8.0,17.0,0.6000445632798573
2.0,8.0,17.0,0.5926916221033869
3.0,8.0,17.0,0.5614973262032086
4.0,8.0,17.0,0.5922459893048128
1.0,9.0,17.0,0.5734961555857079
2.0,9.0,17.0,0.6580732700135685
3.0,9.0,17.0,0.5866123925825419
4.0,9.0,17.0,0.6481230212573496
1.0,10.0,17.0,0.45816372682044326
2.0,10.0,17.0,0.6151062867480777
3.0,10.0,17.0,0.6824966078697422
4.0,10.0,17.0,0.5961103573043871
1.0,11.0,17.0,0.6385918003565062
2.0,11.0,17.0,0.6136363636363635
3.0,11.0,17.0,0.6426024955436719
4.0,11.0,17.0,0.6038324420677362
1.0,12.0,17.0,0.4898236092265942
2.0,12.0,17.0,0.5282677521483491
3.0,12.0,17.0,0.618272274988693
4.0,12.0,17.0,0.5210312075983717
1.0,13.0,17.0,0.5201266395296245
2.0,13.0,17.0,0.45047489823609227
3.0,13.0,17.0,0.6797829036635008
4.0,13.0,17.0,0.4568068747173224
1.0,14.0,17.0,0.534536541889483
2.0,14.0,17.0,0.5583778966131908
3.0,14.0,17.0,0.5868983957219251
4.0,14.0,17.0,0.5356506238859181
1.0,15.0,17.0,0.592023172905526
2.0,15.0,17.0,0.5619429590017825
3.0,15.0,17.0,0.47593582887700525
4.0,15.0,17.0,0.5695187165775399
1.0,16.0,17.0,0.6154188948306594
2.0,16.0,17.0,0.6568627450980391
3.0,16.0,17.0,0.5958110516934046
4.0,16.0,17.0,0.6599821746880572
1.0,17.0,17.0,0.5988240615106287
2.0,17.0,17.0,0.5952057892356398
3.0,17.0,17.0,0.5400271370420624
4.0,17.0,17.0,0.5920398009950248
1.0,18.0,17.0,0.5193850267379679
2.0,18.0,17.0,0.5975935828877005
3.0,18.0,17.0,0.5111408199643492
4.0,18.0,17.0,0.5815508021390373
1.0,19.0,17.0,0.4050203527815468
2.0,19.0,17.0,0.36544549977385804
3.0,19.0,17.0,0.7001356852103121
4.0,19.0,17.0,0.6191768430574401
1.0,20.0,17.0,0.4868538324420677
2.0,20.0,17.0,0.5133689839572192
3.0,20.0,17.0,0.6426024955436719
4.0,20.0,17.0,0.5080213903743315
1.0,1.0,18.0,0.5124378109452736
2.0,1.0,18.0,0.3853459972862958
3.0,1.0,18.0,0.6838534599728631
4.0,1.0,18.0,0.6056083220262325
1.0,2.0,18.0,0.46223428312980547
2.0,2.0,18.0,0.635911352329263
3.0,2.0,18.0,0.6322930800542741
4.0,2.0,18.0,0.6408864767073723
1.0,3.0,18.0,0.4933155080213904
2.0,3.0,18.0,0.3649732620320855
3.0,3.0,18.0,0.6702317290552584
4.0,3.0,18.0,0.6118538324420677
1.0,4.0,18.0,0.5024509803921569
2.0,4.0,18.0,0.5356506238859181
3.0,4.0,18.0,0.6693404634581105
4.0,4.0,18.0,0.5285204991087344
1.0,5.0,18.0,0.5038444142921755
2.0,5.0,18.0,0.46901854364540946
3.0,5.0,18.0,0.5092718227046585
4.0,5.0,18.0,0.5291723202170964
1.0,6.0,18.0,0.438715513342379
2.0,6.0,18.0,0.39755766621438254
3.0,6.0,18.0,0.6341022161917685
4.0,6.0,18.0,0.5933966530981457
1.0,7.0,18.0,0.452962460425147
2.0,7.0,18.0,0.42740841248303924
3.0,7.0,18.0,0.665309814563546
4.0,7.0,18.0,0.42514699231117153
1.0,8.0,18.0,0.5714608774310267
2.0,8.0,18.0,0.6101311623699684
3.0,8.0,18.0,0.4966078697421982
4.0,8.0,18.0,0.6042514699231117
1.0,9.0,18.0,0.5291889483065954
2.0,9.0,18.0,0.4625668449197861
3.0,9.0,18.0,0.5770944741532976
4.0,9.0,18.0,0.44741532976827103
1.0,10.0,18.0,0.4332881049298959
2.0,10.0,18.0,0.4400723654454999
3.0,10.0,18.0,0.6142017186793308
4.0,10.0,18.0,0.435549525101764
1.0,11.0,18.0,0.4759358288770053
2.0,11.0,18.0,0.44206773618538325
3.0,11.0,18.0,0.5659536541889484
4.0,11.0,18.0,0.5534759358288771
1.0,12.0,18.0,0.5679590017825312
2.0,12.0,18.0,0.5926916221033867
3.0,12.0,18.0,0.591800356506239
4.0,12.0,18.0,0.5855614973262031
1.0,13.0,18.0,0.45002261420171863
2.0,13.0,18.0,0.38082315694255986
3.0,13.0,18.0,0.7073722297602896
4.0,13.0,18.0,0.6300316598824063
1.0,14.0,18.0,0.5374331550802138
2.0,14.0,18.0,0.5499108734402851
3.0,14.0,18.0,0.5637254901960784
4.0,14.0,18.0,0.533868092691622
1.0,15.0,18.0,0.6259611035730439
2.0,15.0,18.0,0.6567164179104479
3.0,15.0,18.0,0.6318407960199005
4.0,15.0,18.0,0.6580732700135686
1.0,16.0,18.0,0.5860071301247772
2.0,16.0,18.0,0.5953654188948307
3.0,16.0,18.0,0.5811051693404634
4.0,16.0,18.0,0.5940285204991088
1.0,17.0,18.0,0.535204991087344
2.0,17.0,18.0,0.5164884135472371
3.0,17.0,18.0,0.5984848484848485
4.0,17.0,18.0,0.5392156862745099
1.0,18.0,18.0,0.5983717774762549
2.0,18.0,18.0,0.5911352329262777
3.0,18.0,18.0,0.46404341926729986
4.0,18.0,18.0,0.6015377657168701
1.0,19.0,18.0,0.5349821746880572
2.0,19.0,18.0,0.5913547237076648
3.0,19.0,18.0,0.6604278074866309
4.0,19.0,18.0,0.5793226381461678
1.0,20.0,18.0,0.5158299412030756
2.0,20.0,18.0,0.5608322026232475
3.0,20.0,18.0,0.5260063319764813
4.0,20.0,18.0,0.548168249660787
1.0,1.0,19.0,0.5811849841700587
2.0,1.0,19.0,0.5160560832202622
3.0,1.0,19.0,0.6947082767978291
4.0,1.0,19.0,0.5106286748077792
1.0,2.0,19.0,0.500222816399287
2.0,2.0,19.0,0.5931372549019607
3.0,2.0,19.0,0.6519607843137253
4.0,2.0,19.0,0.5797682709447417
1.0,3.0,19.0,0.5549525101763908
2.0,3.0,19.0,0.511080958842153
3.0,3.0,19.0,0.63681592039801
4.0,3.0,19.0,0.527363184079602
1.0,4.0,19.0,0.38591800356506245
2.0,4.0,19.0,0.6715686274509804
3.0,4.0,19.0,0.6265597147950088
4.0,4.0,19.0,0.6742424242424243
1.0,5.0,19.0,0.5350520126639531
2.0,5.0,19.0,0.6056083220262325
3.0,5.0,19.0,0.582994120307553
4.0,5.0,19.0,0.5762098597919494
1.0,6.0,19.0,0.5913613749434645
2.0,6.0,19.0,0.6404341926729985
3.0,6.0,19.0,0.5970149253731344
4.0,6.0,19.0,0.6377204884667571
1.0,7.0,19.0,0.4724106739032112
2.0,7.0,19.0,0.4626865671641791
3.0,7.0,19.0,0.6227951153324288
4.0,7.0,19.0,0.474898236092266
1.0,8.0,19.0,0.41881501582994113
2.0,8.0,19.0,0.3640886476707373
3.0,8.0,19.0,0.5906829488919041
4.0,8.0,19.0,0.6413387607417459
1.0,9.0,19.0,0.607174688057041
2.0,9.0,19.0,0.6457219251336896
3.0,9.0,19.0,0.49999999999999994
4.0,9.0,19.0,0.6350267379679144
1.0,10.0,19.0,0.533921302578019
2.0,10.0,19.0,0.5744007236544549
3.0,10.0,19.0,0.46087743102668477
4.0,10.0,19.0,0.5558570782451379
1.0,11.0,19.0,0.5293984622342831
2.0,11.0,19.0,0.4572591587516959
3.0,11.0,19.0,0.7141564902758933
4.0,11.0,19.0,0.4979647218453188
1.0,12.0,19.0,0.49502487562189057
2.0,12.0,19.0,0.44640434192672995
3.0,12.0,19.0,0.6779737675260065
4.0,12.0,19.0,0.4278606965174129
1.0,13.0,19.0,0.48620533695160556
2.0,13.0,19.0,0.5802804161013115
3.0,13.0,19.0,0.5554047942107645
4.0,13.0,19.0,0.5468113975576661
1.0,14.0,19.0,0.47331524197195834
2.0,14.0,19.0,0.572139303482587
3.0,14.0,19.0,0.5956580732700135
4.0,14.0,19.0,0.5965626413387608
1.0,15.0,19.0,0.5418362731795567
2.0,15.0,19.0,0.535052012663953
3.0,15.0,19.0,0.508819538670285
4.0,15.0,19.0,0.5355042966983266
1.0,16.0,19.0,0.5766621438263229
2.0,16.0,19.0,0.5454545454545454
3.0,16.0,19.0,0.6092265943012211
4.0,16.0,19.0,0.550429669832655
1.0,17.0,19.0,0.3618272274988693
2.0,17.0,19.0,0.33876074174581644
3.0,17.0,19.0,0.7376752600633198
4.0,17.0,19.0,0.665309814563546
1.0,18.0,19.0,0.42691622103386806
2.0,18.0,19.0,0.3694295900178254
3.0,18.0,19.0,0.7553475935828876
4.0,18.0,19.0,0.6007130124777184
1.0,19.0,19.0,0.5323383084577114
2.0,19.0,19.0,0.48394391677973764
3.0,19.0,19.0,0.5965626413387607
4.0,19.0,19.0,0.5156037991858887
1.0,20.0,19.0,0.567842605156038
2.0,20.0,19.0,0.6350067842605157
3.0,20.0,19.0,0.6010854816824966
4.0,20.0,19.0,0.6268656716417912
1.0,1.0,20.0,0.5418362731795568
2.0,1.0,20.0,0.6517412935323383
3.0,1.0,20.0,0.6056083220262325
4.0,1.0,20.0,0.6300316598824063
1.0,2.0,20.0,0.5802804161013116
2.0,2.0,20.0,0.5861601085481684
3.0,2.0,20.0,0.5762098597919494
4.0,2.0,20.0,0.5572139303482588
1.0,3.0,20.0,0.5051247771836007
2.0,3.0,20.0,0.4411764705882353
3.0,3.0,20.0,0.6506238859180035
4.0,3.0,20.0,0.5459001782531194
1.0,4.0,20.0,0.6091800356506237
2.0,4.0,20.0,0.6831550802139037
3.0,4.0,20.0,0.5953654188948305
4.0,4.0,20.0,0.6902852049910871
1.0,5.0,20.0,0.5568181818181819
2.0,5.0,20.0,0.48217468805704095
3.0,5.0,20.0,0.7344028520499106
4.0,5.0,20.0,0.4888591800356508
1.0,6.0,20.0,0.5285204991087344
2.0,6.0,20.0,0.4674688057040999
3.0,6.0,20.0,0.6381461675579322
4.0,6.0,20.0,0.4875222816399288
1.0,7.0,20.0,0.47761194029850745
2.0,7.0,20.0,0.514246947082768
3.0,7.0,20.0,0.5056535504296698
4.0,7.0,20.0,0.5124378109452736
1.0,8.0,20.0,0.5323383084577115
2.0,8.0,20.0,0.5725915875169608
3.0,8.0,20.0,0.6585255540479422
4.0,8.0,20.0,0.5404794210764361
1.0,9.0,20.0,0.5056535504296698
2.0,9.0,20.0,0.5359565807327
3.0,9.0,20.0,0.4513794663048395
4.0,9.0,20.0,0.5278154681139755
1.0,10.0,20.0,0.6370420624151969
2.0,10.0,20.0,0.6431478968792402
3.0,10.0,20.0,0.5716870194482134
4.0,10.0,20.0,0.634554500226142
1.0,11.0,20.0,0.4355495251017639
2.0,11.0,20.0,0.4491180461329714
3.0,11.0,20.0,0.5658073270013568
4.0,11.0,20.0,0.5734961555857079
1.0,12.0,20.0,0.4952510176390773
2.0,12.0,20.0,0.4192672998643148
3.0,12.0,20.0,0.6635006784260516
4.0,12.0,20.0,0.43554952510176376
1.0,13.0,20.0,0.4909543193125282
2.0,13.0,20.0,0.5436454093170511
3.0,13.0,20.0,0.5906829488919041
4.0,13.0,20.0,0.555857078245138
1.0,14.0,20.0,0.5293984622342831
2.0,14.0,20.0,0.55359565807327
3.0,14.0,20.0,0.5097241067390321
4.0,14.0,20.0,0.5649027589326098
1.0,15.0,20.0,0.6082887700534758
2.0,15.0,20.0,0.6885026737967913
3.0,15.0,20.0,0.676916221033868
4.0,15.0,20.0,0.6978609625668448
1.0,16.0,20.0,0.553698752228164
2.0,16.0,20.0,0.5811051693404635
3.0,16.0,20.0,0.6849376114081998
4.0,16.0,20.0,0.5543672014260251
1.0,17.0,20.0,0.5481283422459893
2.0,17.0,20.0,0.5164884135472371
3.0,17.0,20.0,0.49821746880570406
4.0,17.0,20.0,0.5022281639928698
1.0,18.0,20.0,0.6212121212121212
2.0,18.0,20.0,0.6274509803921571
3.0,18.0,20.0,0.5240641711229947
4.0,18.0,20.0,0.6301247771836007
1.0,19.0,20.0,0.5202762923351159
2.0,19.0,20.0,0.5860071301247772
3.0,19.0,20.0,0.6069518716577539
4.0,19.0,20.0,0.5628342245989306
1.0,20.0,20.0,0.590909090909091
2.0,20.0,20.0,0.6287878787878787
3.0,20.0,20.0,0.6350267379679145
4.0,20.0,20.0,0.5958110516934045
1.0,1.0,21.0,0.4819086386250565
2.0,1.0,21.0,0.38851198552691085
3.0,1.0,21.0,0.6372682044323836
4.0,1.0,21.0,0.600633197648123
1.0,2.0,21.0,0.5056535504296699
2.0,2.0,21.0,0.4473089099954772
3.0,2.0,21.0,0.6454093170511082
4.0,2.0,21.0,0.5554047942107643
1.0,3.0,21.0,0.4832654907281773
2.0,3.0,21.0,0.42605156037991854
3.0,3.0,21.0,0.6571687019448214
4.0,3.0,21.0,0.44233378561736775
1.0,4.0,21.0,0.5334690185436454
2.0,4.0,21.0,0.4875621890547263
3.0,4.0,21.0,0.6101311623699683
4.0,4.0,21.0,0.4920850293984622
1.0,5.0,21.0,0.5540479421076436
2.0,5.0,21.0,0.6246042514699232
3.0,5.0,21.0,0.6155585707824515
4.0,5.0,21.0,0.6047037539574854
1.0,6.0,21.0,0.49751243781094523
2.0,6.0,21.0,0.6173677069199458
3.0,6.0,21.0,0.6273179556761647
4.0,6.0,21.0,0.6155585707824515
1.0,7.0,21.0,0.5236185383244207
2.0,7.0,21.0,0.6078431372549019
3.0,7.0,21.0,0.6122994652406416
4.0,7.0,21.0,0.5984848484848484
1.0,8.0,21.0,0.49570330167345084
2.0,8.0,21.0,0.49977385798281315
3.0,8.0,21.0,0.6458616010854819
4.0,8.0,21.0,0.5124378109452735
1.0,9.0,21.0,0.608548168249661
2.0,9.0,21.0,0.6725463591135235
3.0,9.0,21.0,0.6273179556761647
4.0,9.0,21.0,0.6567164179104479
1.0,10.0,21.0,0.5282677521483492
2.0,10.0,21.0,0.4233378561736771
3.0,10.0,21.0,0.6101311623699683
4.0,10.0,21.0,0.558118498417006
1.0,11.0,21.0,0.5079149706015377
2.0,11.0,21.0,0.6255088195386703
3.0,11.0,21.0,0.6702849389416554
4.0,11.0,21.0,0.6128448665762097
1.0,12.0,21.0,0.4622342831298055
2.0,12.0,21.0,0.6327453640886478
3.0,12.0,21.0,0.6684758028041611
4.0,12.0,21.0,0.6146540027137043
1.0,13.0,21.0,0.5201266395296245
2.0,13.0,21.0,0.5784712799638172
3.0,13.0,21.0,0.65445499773858
4.0,13.0,21.0,0.5260063319764813
1.0,14.0,21.0,0.5341474445952058
2.0,14.0,21.0,0.46540027137042067
3.0,14.0,21.0,0.6535504296698327
4.0,14.0,21.0,0.45997286295793754
1.0,15.0,21.0,0.5298507462686567
2.0,15.0,21.0,0.42424242424242414
3.0,15.0,21.0,0.7159656264133877
4.0,15.0,21.0,0.4482134780642243
1.0,16.0,21.0,0.5404794210764359
2.0,16.0,21.0,0.5187697874265038
3.0,16.0,21.0,0.6327453640886477
4.0,16.0,21.0,0.5282677521483491
1.0,17.0,21.0,0.4741532976827094
2.0,17.0,21.0,0.49777183600713015
3.0,17.0,21.0,0.53475935828877
4.0,17.0,21.0,0.4808377896613191
1.0,18.0,21.0,0.587344028520499
2.0,18.0,21.0,0.6537433155080212
3.0,18.0,21.0,0.6733511586452763
4.0,18.0,21.0,0.6336898395721926
1.0,19.0,21.0,0.5757575757575758
2.0,19.0,21.0,0.4133876074174582
3.0,19.0,21.0,0.57756671189507
4.0,19.0,21.0,0.5630936227951153
1.0,20.0,21.0,0.4850713012477718
2.0,20.0,21.0,0.47415329768270953
3.0,20.0,21.0,0.517379679144385
4.0,20.0,21.0,0.47816399286987515
1.0,1.0,22.0,0.5427408412483039
2.0,1.0,22.0,0.5649027589326097
3.0,1.0,22.0,0.5915875169606514
4.0,1.0,22.0,0.5291723202170961
1.0,2.0,22.0,0.5517865219357756
2.0,2.0,22.0,0.47670737222976034
3.0,2.0,22.0,0.5888738127544098
4.0,2.0,22.0,0.550429669832655
1.0,3.0,22.0,0.49153297682709446
2.0,3.0,22.0,0.45677361853832427
3.0,3.0,22.0,0.5931372549019607
4.0,3.0,22.0,0.5378787878787878
1.0,4.0,22.0,0.46042514699231124
2.0,4.0,22.0,0.3948439620081411
3.0,4.0,22.0,0.6232473993668024
4.0,4.0,22.0,0.597467209407508
1.0,5.0,22.0,0.4898236092265943
2.0,5.0,22.0,0.6300316598824062
3.0,5.0,22.0,0.6933514246947085
4.0,5.0,22.0,0.6096788783355948
1.0,6.0,22.0,0.4438502673796791
2.0,6.0,22.0,0.45766488413547246
3.0,6.0,22.0,0.6185383244206772
4.0,6.0,22.0,0.4567736185383243
1.0,7.0,22.0,0.46087743102668477
2.0,7.0,22.0,0.4468566259611035
3.0,7.0,22.0,0.6359113523292629
4.0,7.0,22.0,0.4644957033016735
1.0,8.0,22.0,0.46788783355947533
2.0,8.0,22.0,0.49298959746720944
3.0,8.0,22.0,0.6553595658073271
4.0,8.0,22.0,0.5070104025327906
1.0,9.0,22.0,0.42876526458616016
2.0,9.0,22.0,0.42650384441429223
3.0,9.0,22.0,0.5780189959294437
4.0,9.0,22.0,0.4219810040705562
1.0,10.0,22.0,0.5345997286295794
2.0,10.0,22.0,0.5771144278606964
3.0,10.0,22.0,0.5802804161013116
4.0,10.0,22.0,0.5924920850293984
1.0,11.0,22.0,0.5490728177295341
2.0,11.0,22.0,0.5870646766169154
3.0,11.0,22.0,0.6164631388511986
4.0,11.0,22.0,0.5848032564450475
1.0,12.0,22.0,0.43872549019607837
2.0,12.0,22.0,0.3453654188948307
3.0,12.0,22.0,0.6916221033868092
4.0,12.0,22.0,0.6528520499108733
1.0,13.0,22.0,0.5687471732247852
2.0,13.0,22.0,0.4952510176390773
3.0,13.0,22.0,0.6151062867480779
4.0,13.0,22.0,0.5436454093170512
1.0,14.0,22.0,0.6356951871657753
2.0,14.0,22.0,0.6354723707664883
3.0,14.0,22.0,0.5721925133689839
4.0,14.0,22.0,0.6336898395721925
1.0,15.0,22.0,0.5298573975044563
2.0,15.0,22.0,0.552584670231729
3.0,15.0,22.0,0.5637254901960783
4.0,15.0,22.0,0.550802139037433
1.0,16.0,22.0,0.4340463458110518
2.0,16.0,22.0,0.44162210338680935
3.0,16.0,22.0,0.6323529411764708
4.0,16.0,22.0,0.4483065953654189
1.0,17.0,22.0,0.5438948306595365
2.0,17.0,22.0,0.5913547237076647
3.0,17.0,22.0,0.6122994652406417
4.0,17.0,22.0,0.5762032085561497
1.0,18.0,22.0,0.5576662143826323
2.0,18.0,22.0,0.5766621438263229
3.0,18.0,22.0,0.5983717774762551
4.0,18.0,22.0,0.5617367706919946
1.0,19.0,22.0,0.5385472370766488
2.0,19.0,22.0,0.5802139037433155
3.0,19.0,22.0,0.5655080213903744
4.0,19.0,22.0,0.5508021390374332
1.0,20.0,22.0,0.41488413547237074
2.0,20.0,22.0,0.5450089126559715
3.0,20.0,22.0,0.6140819964349377
4.0,20.0,22.0,0.5632798573975045
1.0,1.0,23.0,0.48083778966131907
2.0,1.0,23.0,0.4139928698752228
3.0,1.0,23.0,0.6408199643493759
4.0,1.0,23.0,0.5762032085561498
1.0,2.0,23.0,0.5395748530076888
2.0,2.0,23.0,0.6508367254635911
3.0,2.0,23.0,0.6408864767073723
4.0,2.0,23.0,0.6399819086386253
1.0,3.0,23.0,0.553030303030303
2.0,3.0,23.0,0.5392156862745099
3.0,3.0,23.0,0.5855614973262033
4.0,3.0,23.0,0.5347593582887701
1.0,4.0,23.0,0.6024423337856173
2.0,4.0,23.0,0.5581184984170058
3.0,4.0,23.0,0.620533695160561
4.0,4.0,23.0,0.46811397557666223
1.0,5.0,23.0,0.527363184079602
2.0,5.0,23.0,0.5563093622795116
3.0,5.0,23.0,0.5662596110357303
4.0,5.0,23.0,0.5513342379014021
1.0,6.0,23.0,0.4706015377657169
2.0,6.0,23.0,0.444142921754862
3.0,6.0,23.0,0.561284486657621
4.0,6.0,23.0,0.5535956580732699
1.0,7.0,23.0,0.4418815015829941
2.0,7.0,23.0,0.6336499321573948
3.0,7.0,23.0,0.72003618272275
4.0,7.0,23.0,0.6246042514699233
1.0,8.0,23.0,0.4953208556149733
2.0,8.0,23.0,0.42557932263814624
3.0,8.0,23.0,0.7023172905525847
4.0,8.0,23.0,0.47237076648841353
1.0,9.0,23.0,0.5630936227951153
2.0,9.0,23.0,0.587516960651289
3.0,9.0,23.0,0.6386250565355043
4.0,9.0,23.0,0.5793758480325644
1.0,10.0,23.0,0.45543672014260245
2.0,10.0,23.0,0.4340463458110517
3.0,10.0,23.0,0.5984848484848483
4.0,10.0,23.0,0.43716577540106943
1.0,11.0,23.0,0.5228403437358662
2.0,11.0,23.0,0.5540479421076436
3.0,11.0,23.0,0.5223880597014926
4.0,11.0,23.0,0.5545002261420173
1.0,12.0,23.0,0.6388511985526912
2.0,12.0,23.0,0.6802351876978744
3.0,12.0,23.0,0.5676164631388513
4.0,12.0,23.0,0.6553595658073271
1.0,13.0,23.0,0.48373440285205
2.0,13.0,23.0,0.39081996434937616
3.0,13.0,23.0,0.6898395721925135
4.0,13.0,23.0,0.6149732620320855
1.0,14.0,23.0,0.5837789661319073
2.0,14.0,23.0,0.6350267379679144
3.0,14.0,23.0,0.5971479500891265
4.0,14.0,23.0,0.6706773618538324
1.0,15.0,23.0,0.5133423790140208
2.0,15.0,23.0,0.5192220714608774
3.0,15.0,23.0,0.5838986883763003
4.0,15.0,23.0,0.5237449118046132
1.0,16.0,23.0,0.5560832202623248
2.0,16.0,23.0,0.610583446404342
3.0,16.0,23.0,0.4975124378109453
4.0,16.0,23.0,0.6078697421981005
1.0,17.0,23.0,0.5832202623247399
2.0,17.0,23.0,0.5309814563545907
3.0,17.0,23.0,0.530529172320217
4.0,17.0,23.0,0.5431931252826776
1.0,18.0,23.0,0.6101311623699683
2.0,18.0,23.0,0.41157847127996383
3.0,18.0,23.0,0.5730438715513342
4.0,18.0,23.0,0.5739484396200815
1.0,19.0,23.0,0.5619429590017826
2.0,19.0,23.0,0.6270053475935828
3.0,19.0,23.0,0.6149732620320854
4.0,19.0,23.0,0.6042780748663102
1.0,20.0,23.0,0.5561497326203207
2.0,20.0,23.0,0.4585561497326203
3.0,20.0,23.0,0.6581996434937611
4.0,20.0,23.0,0.4607843137254903
1.0,1.0,24.0,0.47127996381727727
2.0,1.0,24.0,0.40298507462686567
3.0,1.0,24.0,0.6540027137042064
4.0,1.0,24.0,0.576662143826323
1.0,2.0,24.0,0.659882406151063
2.0,2.0,24.0,0.6874717322478517
3.0,2.0,24.0,0.527363184079602
4.0,2.0,24.0,0.6897331524197197
1.0,3.0,24.0,0.5124378109452736
2.0,3.0,24.0,0.4798733604703753
3.0,3.0,24.0,0.623699683401176
4.0,3.0,24.0,0.5011307100859339
1.0,4.0,24.0,0.5788770053475936
2.0,4.0,24.0,0.6457219251336896
3.0,4.0,24.0,0.5659536541889484
4.0,4.0,24.0,0.6319073083778967
1.0,5.0,24.0,0.45744206773618534
2.0,5.0,24.0,0.5753119429590019
3.0,5.0,24.0,0.6332442067736187
4.0,5.0,24.0,0.572192513368984
1.0,6.0,24.0,0.5529172320217097
2.0,6.0,24.0,0.5649027589326097
3.0,6.0,24.0,0.5775667118950701
4.0,6.0,24.0,0.5802804161013115
1.0,7.0,24.0,0.5138146167557931
2.0,7.0,24.0,0.44607843137254893
3.0,7.0,24.0,0.6581996434937611
4.0,7.0,24.0,0.4442959001782531
1.0,8.0,24.0,0.5149253731343283
2.0,8.0,24.0,0.6123925825418363
3.0,8.0,24.0,0.5938489371325193
4.0,8.0,24.0,0.5992763455450022
1.0,9.0,24.0,0.479194934418815
2.0,9.0,24.0,0.46359113523292617
3.0,9.0,24.0,0.6341022161917684
4.0,9.0,24.0,0.5364088647670738
1.0,10.0,24.0,0.6062867480777927
2.0,10.0,24.0,0.6748077792853914
3.0,10.0,24.0,0.623699683401176
4.0,10.0,24.0,0.6824966078697423
1.0,11.0,24.0,0.4441429217548621
2.0,11.0,24.0,0.410221619176843
3.0,11.0,24.0,0.6155585707824515
4.0,11.0,24.0,0.5961103573043871
1.0,12.0,24.0,0.5325311942959001
2.0,12.0,24.0,0.46390374331550815
3.0,12.0,24.0,0.7375222816399287
4.0,12.0,24.0,0.46524064171123003
1.0,13.0,24.0,0.44007236544549977
2.0,13.0,24.0,0.414744459520579
3.0,13.0,24.0,0.6341022161917685
4.0,13.0,24.0,0.5866123925825419
1.0,14.0,24.0,0.516282225237449
2.0,14.0,24.0,0.5106286748077793
3.0,14.0,24.0,0.5965626413387609
4.0,14.0,24.0,0.5083672546359111
1.0,15.0,24.0,0.40975935828877
2.0,15.0,24.0,0.392602495543672
3.0,15.0,24.0,0.6595365418894831
4.0,15.0,24.0,0.5940285204991086
1.0,16.0,24.0,0.5062388591800359
2.0,16.0,24.0,0.6457219251336899
3.0,16.0,24.0,0.748217468805704
4.0,16.0,24.0,0.6296791443850267
1.0,17.0,24.0,0.660873440285205
2.0,17.0,24.0,0.6216577540106952
3.0,17.0,24.0,0.5877896613190732
4.0,17.0,24.0,0.6154188948306595
1.0,18.0,24.0,0.4952510176390775
2.0,18.0,24.0,0.5906829488919041
3.0,18.0,24.0,0.6508367254635913
4.0,18.0,24.0,0.6010854816824965
1.0,19.0,24.0,0.6229946524064173
2.0,19.0,24.0,0.7210338680926915
3.0,19.0,24.0,0.7036541889483062
4.0,19.0,24.0,0.7214795008912654
1.0,20.0,24.0,0.49955436720142615
2.0,20.0,24.0,0.4665775401069518
3.0,20.0,24.0,0.6555258467023172
4.0,20.0,24.0,0.4585561497326203
1.0,1.0,25.0,0.48258706467661694
2.0,1.0,25.0,0.48213478064224335
3.0,1.0,25.0,0.6264133876074175
4.0,1.0,25.0,0.4975124378109453
1.0,2.0,25.0,0.4451871657754011
2.0,2.0,25.0,0.49509803921568624
3.0,2.0,25.0,0.5815508021390374
4.0,2.0,25.0,0.4910873440285205
1.0,3.0,25.0,0.4414292175486205
2.0,3.0,25.0,0.35911352329262775
3.0,3.0,25.0,0.5992763455450023
4.0,3.0,25.0,0.6318407960199007
1.0,4.0,25.0,0.6196291270918137
2.0,4.0,25.0,0.6404341926729987
3.0,4.0,25.0,0.5382180009045681
4.0,4.0,25.0,0.6255088195386704
1.0,5.0,25.0,0.499554367201426
2.0,5.0,25.0,0.5031194295900179
3.0,5.0,25.0,0.5378787878787877
4.0,5.0,25.0,0.4982174688057042
1.0,6.0,25.0,0.5698778833107191
2.0,6.0,25.0,0.6748077792853914
3.0,6.0,25.0,0.6734509271822706
4.0,6.0,25.0,0.6549072817729535
1.0,7.0,25.0,0.5818634102216192
2.0,7.0,25.0,0.5888738127544099
3.0,7.0,25.0,0.5703301673450928
4.0,7.0,25.0,0.5771144278606966
1.0,8.0,25.0,0.5815508021390373
2.0,8.0,25.0,0.5833333333333333
3.0,8.0,25.0,0.4683600713012478
4.0,8.0,25.0,0.5926916221033868
1.0,9.0,25.0,0.5160427807486632
2.0,9.0,25.0,0.5503565062388592
3.0,9.0,25.0,0.4171122994652406
4.0,9.0,25.0,0.5454545454545455
1.0,10.0,25.0,0.5249554367201427
2.0,10.0,25.0,0.46880570409982164
3.0,10.0,25.0,0.6114081996434936
4.0,10.0,25.0,0.49420677361853826
1.0,11.0,25.0,0.46991978609625673
2.0,11.0,25.0,0.45454545454545453
3.0,11.0,25.0,0.6515151515151515
4.0,11.0,25.0,0.4679144385026738
1.0,12.0,25.0,0.49479873360470367
2.0,12.0,25.0,0.5422885572139303
3.0,12.0,25.0,0.5440976933514248
4.0,12.0,25.0,0.5658073270013568
1.0,13.0,25.0,0.5852555404794211
2.0,13.0,25.0,0.4500226142017187
3.0,13.0,25.0,0.5988240615106286
4.0,13.0,25.0,0.45545002261420164
1.0,14.0,25.0,0.483065953654189
2.0,14.0,25.0,0.43092691622103385
3.0,14.0,25.0,0.6185383244206772
4.0,14.0,25.0,0.4402852049910873
1.0,15.0,25.0,0.5044563279857398
2.0,15.0,25.0,0.4304812834224599
3.0,15.0,25.0,0.6880570409982175
4.0,15.0,25.0,0.46434937611408206
1.0,16.0,25.0,0.47615864527629237
2.0,16.0,25.0,0.5779857397504455
3.0,16.0,25.0,0.6506238859180036
4.0,16.0,25.0,0.5543672014260249
1.0,17.0,25.0,0.464572192513369
2.0,17.0,25.0,0.5084670231729055
3.0,17.0,25.0,0.5922459893048128
4.0,17.0,25.0,0.5115864527629234
1.0,18.0,25.0,0.43248663101604284
2.0,18.0,25.0,0.42023172905525846
3.0,18.0,25.0,0.6648841354723707
4.0,18.0,25.0,0.5779857397504458
1.0,19.0,25.0,0.686341022161918
2.0,19.0,25.0,0.6621438263229309
3.0,19.0,25.0,0.5933966530981457
4.0,19.0,25.0,0.6720940750791499
1.0,20.0,25.0,0.5463591135232927
2.0,20.0,25.0,0.5192220714608774
3.0,20.0,25.0,0.5997286295793758
4.0,20.0,25.0,0.5395748530076887
1.0,1.0,26.0,0.5106286748077793
2.0,1.0,26.0,0.5988240615106286
3.0,1.0,26.0,0.602894617819991
4.0,1.0,26.0,0.6010854816824965
1.0,2.0,26.0,0.5739484396200814
2.0,2.0,26.0,0.5115332428765265
3.0,2.0,26.0,0.6829488919041158
4.0,2.0,26.0,0.5336951605608322
1.0,3.0,26.0,0.5985979194934419
2.0,3.0,26.0,0.7060153776571688
3.0,3.0,26.0,0.47580280416101317
4.0,3.0,26.0,0.7073722297602896
1.0,4.0,26.0,0.571008593396653
2.0,4.0,26.0,0.5680687471732248
3.0,4.0,26.0,0.5174129353233831
4.0,4.0,26.0,0.5667118950701039
1.0,5.0,26.0,0.44414292175486203
2.0,5.0,26.0,0.6151062867480778
3.0,5.0,26.0,0.6739032112166442
4.0,5.0,26.0,0.5798281320669381
1.0,6.0,26.0,0.5260695187165776
2.0,6.0,26.0,0.4532085561497326
3.0,6.0,26.0,0.5797682709447415
4.0,6.0,26.0,0.5329768270944742
1.0,7.0,26.0,0.39303482587064675
2.0,7.0,26.0,0.35594753505201265
3.0,7.0,26.0,0.6802351876978743
4.0,7.0,26.0,0.6264133876074175
1.0,8.0,26.0,0.4473089099954772
2.0,8.0,26.0,0.39936680235187705
3.0,8.0,26.0,0.6006331976481231
4.0,8.0,26.0,0.5676164631388513
1.0,9.0,26.0,0.6275440976933514
2.0,9.0,26.0,0.7127996381727726
3.0,9.0,26.0,0.5825418362731796
4.0,9.0,26.0,0.7001356852103122
1.0,10.0,26.0,0.4420677361853833
2.0,10.0,26.0,0.39349376114081996
3.0,10.0,26.0,0.6377005347593582
4.0,10.0,26.0,0.6172014260249554
1.0,11.0,26.0,0.4728629579375848
2.0,11.0,26.0,0.4626865671641791
3.0,11.0,26.0,0.6214382632293082
4.0,11.0,26.0,0.4825870646766169
1.0,12.0,26.0,0.5606060606060607
2.0,12.0,26.0,0.5671641791044777
3.0,12.0,26.0,0.5070104025327906
4.0,12.0,26.0,0.5418362731795568
1.0,13.0,26.0,0.5127005347593583
2.0,13.0,26.0,0.40374331550802145
3.0,13.0,26.0,0.7232620320855613
4.0,13.0,26.0,0.411319073083779
1.0,14.0,26.0,0.5592691622103387
2.0,14.0,26.0,0.5423351158645277
3.0,14.0,26.0,0.5396613190730837
4.0,14.0,26.0,0.5231729055258466
1.0,15.0,26.0,0.5694255992763456
2.0,15.0,26.0,0.5838986883763003
3.0,15.0,26.0,0.5635459068294888
4.0,15.0,26.0,0.5870646766169155
1.0,16.0,26.0,0.5011307100859339
2.0,16.0,26.0,0.5011307100859339
3.0,16.0,26.0,0.5594753505201268
4.0,16.0,26.0,0.5083672546359114
1.0,17.0,26.0,0.5447761194029851
2.0,17.0,26.0,0.4825870646766169
3.0,17.0,26.0,0.5748530076888286
4.0,17.0,26.0,0.4676616915422886
1.0,18.0,26.0,0.38591800356506234
2.0,18.0,26.0,0.3707664884135473
3.0,18.0,26.0,0.7009803921568627
4.0,18.0,26.0,0.3894830659536543
1.0,19.0,26.0,0.5402532790592492
2.0,19.0,26.0,0.5115332428765265
3.0,19.0,26.0,0.5477159656264134
4.0,19.0,26.0,0.5119855269109
1.0,20.0,26.0,0.6303475935828878
2.0,20.0,26.0,0.6564171122994652
3.0,20.0,26.0,0.6207664884135473
4.0,20.0,26.0,0.6439393939393939
1.0,1.0,27.0,0.47150610583446406
2.0,1.0,27.0,0.3681592039800995
3.0,1.0,27.0,0.6178199909543194
4.0,1.0,27.0,0.5979194934418817
1.0,2.0,27.0,0.5744206773618539
2.0,2.0,27.0,0.6100713012477718
3.0,2.0,27.0,0.551693404634581
4.0,2.0,27.0,0.5904634581105168
1.0,3.0,27.0,0.642602495543672
2.0,3.0,27.0,0.607397504456328
3.0,3.0,27.0,0.5574866310160428
4.0,3.0,27.0,0.5802139037433156
1.0,4.0,27.0,0.5441176470588235
2.0,4.0,27.0,0.501782531194296
3.0,4.0,27.0,0.6087344028520498
4.0,4.0,27.0,0.5057932263814616
1.0,5.0,27.0,0.4734848484848485
2.0,5.0,27.0,0.40819964349376126
3.0,5.0,27.0,0.6666666666666666
4.0,5.0,27.0,0.5873440285204993
1.0,6.0,27.0,0.589795008912656
2.0,6.0,27.0,0.6475044563279858
3.0,6.0,27.0,0.6385918003565062
4.0,6.0,27.0,0.6488413547237076
1.0,7.0,27.0,0.49660786974219806
2.0,7.0,27.0,0.45092718227046585
3.0,7.0,27.0,0.63681592039801
4.0,7.0,27.0,0.4681139755766621
1.0,8.0,27.0,0.49866310160427807
2.0,8.0,27.0,0.6109625668449198
3.0,8.0,27.0,0.6742424242424241
4.0,8.0,27.0,0.5953654188948306
1.0,9.0,27.0,0.5035650623885918
2.0,9.0,27.0,0.5784313725490197
3.0,9.0,27.0,0.659982174688057
4.0,9.0,27.0,0.5993761140819964
1.0,10.0,27.0,0.6198552691090005
2.0,10.0,27.0,0.6639529624604251
3.0,10.0,27.0,0.6241519674355497
4.0,10.0,27.0,0.6508367254635912
1.0,11.0,27.0,0.5549525101763908
2.0,11.0,27.0,0.5924920850293984
3.0,11.0,27.0,0.548168249660787
4.0,11.0,27.0,0.5933966530981457
1.0,12.0,27.0,0.47526737967914434
2.0,12.0,27.0,0.48930481283422445
3.0,12.0,27.0,0.6056149732620321
4.0,12.0,27.0,0.4928698752228164
1.0,13.0,27.0,0.5044563279857398
2.0,13.0,27.0,0.4772727272727273
3.0,13.0,27.0,0.6296791443850267
4.0,13.0,27.0,0.47326203208556156
1.0,14.0,27.0,0.5180913613749435
2.0,14.0,27.0,0.598371777476255
3.0,14.0,27.0,0.6698326549072817
4.0,14.0,27.0,0.5838986883763003
1.0,15.0,27.0,0.4933155080213904
2.0,15.0,27.0,0.44696969696969696
3.0,15.0,27.0,0.6479500891265597
4.0,15.0,27.0,0.44340463458110524
1.0,16.0,27.0,0.48258706467661683
2.0,16.0,27.0,0.433288104929896
3.0,16.0,27.0,0.6309362279511534
4.0,16.0,27.0,0.5730438715513342
1.0,17.0,27.0,0.46858288770053474
2.0,17.0,27.0,0.49688057040998224
3.0,17.0,27.0,0.5062388591800357
4.0,17.0,27.0,0.48618538324420685
1.0,18.0,27.0,0.6085481682496607
2.0,18.0,27.0,0.6250565355042969
3.0,18.0,27.0,0.5440976933514247
4.0,18.0,27.0,0.6218905472636816
1.0,19.0,27.0,0.5802139037433156
2.0,19.0,27.0,0.627005347593583
3.0,19.0,27.0,0.6390374331550802
4.0,19.0,27.0,0.5984848484848484
1.0,20.0,27.0,0.5848930481283421
2.0,20.0,27.0,0.4496434937611409
3.0,20.0,27.0,0.6867201426024956
4.0,20.0,27.0,0.45365418894830656
1.0,1.0,28.0,0.5976933514246948
2.0,1.0,28.0,0.7150610583446406
3.0,1.0,28.0,0.47037539574853016
4.0,1.0,28.0,0.7100859339665312
1.0,2.0,28.0,0.5201266395296246
2.0,2.0,28.0,0.46992311171415646
3.0,2.0,28.0,0.6051560379918589
4.0,2.0,28.0,0.48530076888285845
1.0,3.0,28.0,0.4323835368611488
2.0,3.0,28.0,0.48891904115784723
3.0,3.0,28.0,0.5888738127544099
4.0,3.0,28.0,0.46223428312980547
1.0,4.0,28.0,0.5628342245989305
2.0,4.0,28.0,0.4398395721925134
3.0,4.0,28.0,0.6082887700534758
4.0,4.0,28.0,0.45499108734402854
1.0,5.0,28.0,0.6379466304839441
2.0,5.0,28.0,0.6644052464947987
3.0,5.0,28.0,0.5431931252826775
4.0,5.0,28.0,0.6752600633197648
1.0,6.0,28.0,0.5842245989304813
2.0,6.0,28.0,0.5663992869875223
3.0,6.0,28.0,0.5926916221033868
4.0,6.0,28.0,0.5360962566844921
1.0,7.0,28.0,0.3912655971479501
2.0,7.0,28.0,0.7116755793226379
3.0,7.0,28.0,0.6479500891265596
4.0,7.0,28.0,0.7107843137254901
1.0,8.0,28.0,0.589778380823157
2.0,8.0,28.0,0.5540479421076436
3.0,8.0,28.0,0.5332428765264586
4.0,8.0,28.0,0.5517865219357757
1.0,9.0,28.0,0.4944295900178253
2.0,9.0,28.0,0.4705882352941177
3.0,9.0,28.0,0.6430481283422462
4.0,9.0,28.0,0.4563279857397505
1.0,10.0,28.0,0.5006784260515603
2.0,10.0,28.0,0.48258706467661683
3.0,10.0,28.0,0.6838534599728631
4.0,10.0,28.0,0.48710990502035284
1.0,11.0,28.0,0.5138146167557933
2.0,11.0,28.0,0.4509803921568628
3.0,11.0,28.0,0.6715686274509804
4.0,11.0,28.0,0.4576648841354724
1.0,12.0,28.0,0.5411578471279963
2.0,12.0,28.0,0.6223428312980553
3.0,12.0,28.0,0.6739032112166442
4.0,12.0,28.0,0.6151062867480779
1.0,13.0,28.0,0.4384893713251922
2.0,13.0,28.0,0.4251469923111713
3.0,13.0,28.0,0.6739032112166441
4.0,13.0,28.0,0.5549525101763907
1.0,14.0,28.0,0.6751336898395723
2.0,14.0,28.0,0.7152406417112298
3.0,14.0,28.0,0.5619429590017826
4.0,14.0,28.0,0.7014260249554364
1.0,15.0,28.0,0.5597014925373135
2.0,15.0,28.0,0.41022161917684297
3.0,15.0,28.0,0.6802351876978744
4.0,15.0,28.0,0.5929443690637721
1.0,16.0,28.0,0.43102668475802797
2.0,16.0,28.0,0.5902306648575307
3.0,16.0,28.0,0.5653550429669834
4.0,16.0,28.0,0.6218905472636818
1.0,17.0,28.0,0.5293984622342831
2.0,17.0,28.0,0.5192220714608774
3.0,17.0,28.0,0.5296246042514698
4.0,17.0,28.0,0.5183175033921301
1.0,18.0,28.0,0.5077985739750446
2.0,18.0,28.0,0.5944741532976826
3.0,18.0,28.0,0.6876114081996435
4.0,18.0,28.0,0.4728163992869875
1.0,19.0,28.0,0.4909543193125281
2.0,19.0,28.0,0.4762550881953866
3.0,19.0,28.0,0.6015377657168702
4.0,19.0,28.0,0.4767073722297602
1.0,20.0,28.0,0.6007130124777184
2.0,20.0,28.0,0.6764705882352942
3.0,20.0,28.0,0.6680035650623884
4.0,20.0,28.0,0.6711229946524063
1.0,1.0,29.0,0.40208050655811844
2.0,1.0,29.0,0.34825870646766166
3.0,1.0,29.0,0.5965626413387608
4.0,1.0,29.0,0.6110357304387155
1.0,2.0,29.0,0.5522388059701493
2.0,2.0,29.0,0.5237449118046134
3.0,2.0,29.0,0.5201266395296247
4.0,2.0,29.0,0.5309814563545907
1.0,3.0,29.0,0.4979647218453188
2.0,3.0,29.0,0.6110357304387156
3.0,3.0,29.0,0.6350067842605156
4.0,3.0,29.0,0.6060606060606061
1.0,4.0,29.0,0.49841700587969245
2.0,4.0,29.0,0.4549977385798281
3.0,4.0,29.0,0.6775214834916328
4.0,4.0,29.0,0.4762550881953867
1.0,5.0,29.0,0.41157847127996383
2.0,5.0,29.0,0.41248303934871106
3.0,5.0,29.0,0.5816372682044324
4.0,5.0,29.0,0.5870646766169154
1.0,6.0,29.0,0.5363190730837789
2.0,6.0,29.0,0.5984848484848485
3.0,6.0,29.0,0.693850267379679
4.0,6.0,29.0,0.5837789661319075
1.0,7.0,29.0,0.4730890999547716
2.0,7.0,29.0,0.4170058796924469
3.0,7.0,29.0,0.5667118950701041
4.0,7.0,29.0,0.57123473541384
1.0,8.0,29.0,0.4166666666666667
2.0,8.0,29.0,0.42245989304812837
3.0,8.0,29.0,0.6853832442067735
4.0,8.0,29.0,0.57174688057041
1.0,9.0,29.0,0.5183175033921303
2.0,9.0,29.0,0.6056083220262325
3.0,9.0,29.0,0.5852555404794211
4.0,9.0,29.0,0.6001809136137495
1.0,10.0,29.0,0.44674688057041007
2.0,10.0,29.0,0.41532976827094464
3.0,10.0,29.0,0.6470588235294117
4.0,10.0,29.0,0.5695187165775402
1.0,11.0,29.0,0.4468566259611035
2.0,11.0,29.0,0.42831298055178657
3.0,11.0,29.0,0.5621890547263682
4.0,11.0,29.0,0.5875169606512892
1.0,12.0,29.0,0.5753119429590018
2.0,12.0,29.0,0.5909090909090908
3.0,12.0,29.0,0.6648841354723708
4.0,12.0,29.0,0.5802139037433155
1.0,13.0,29.0,0.609180035650624
2.0,13.0,29.0,0.6648841354723708
3.0,13.0,29.0,0.6194295900178253
4.0,13.0,29.0,0.6559714795008911
1.0,14.0,29.0,0.6481230212573496
2.0,14.0,29.0,0.6449570330167346
3.0,14.0,29.0,0.6169154228855722
4.0,14.0,29.0,0.6463138851198553
1.0,15.0,29.0,0.4955436720142603
2.0,15.0,29.0,0.6011586452762924
3.0,15.0,29.0,0.6657754010695188
4.0,15.0,29.0,0.5837789661319072
1.0,16.0,29.0,0.5942513368983957
2.0,16.0,29.0,0.6319073083778964
3.0,16.0,29.0,0.6372549019607843
4.0,16.0,29.0,0.607397504456328
1.0,17.0,29.0,0.5411578471279963
2.0,17.0,29.0,0.624604251469923
3.0,17.0,29.0,0.7349615558570785
4.0,17.0,29.0,0.6300316598824062
1.0,18.0,29.0,0.5137946630483943
2.0,18.0,29.0,0.5318860244233378
3.0,18.0,29.0,0.5106286748077793
4.0,18.0,29.0,0.5689733152419719
1.0,19.0,29.0,0.4859791949344188
2.0,19.0,29.0,0.43012211668928085
3.0,19.0,29.0,0.6494798733604704
4.0,19.0,29.0,0.5721393034825871
1.0,20.0,29.0,0.5744007236544548
2.0,20.0,29.0,0.5169606512890095
3.0,20.0,29.0,0.6341022161917684
4.0,20.0,29.0,0.5291723202170963
1.0,1.0,30.0,0.5447761194029851
2.0,1.0,30.0,0.6711895070104026
3.0,1.0,30.0,0.5775667118950701
4.0,1.0,30.0,0.6793306196291271
1.0,2.0,30.0,0.47218453188602444
2.0,2.0,30.0,0.5956580732700136
3.0,2.0,30.0,0.6440524649479874
4.0,2.0,30.0,0.5807327001356852
1.0,3.0,30.0,0.5074626865671643
2.0,3.0,30.0,0.5875169606512889
3.0,3.0,30.0,0.6616915422885572
4.0,3.0,30.0,0.5703301673450927
1.0,4.0,30.0,0.5450022614201719
2.0,4.0,30.0,0.44007236544549977
3.0,4.0,30.0,0.5825418362731796
4.0,4.0,30.0,0.4635911352329263
1.0,5.0,30.0,0.6332442067736186
2.0,5.0,30.0,0.677807486631016
3.0,5.0,30.0,0.5842245989304813
4.0,5.0,30.0,0.675579322638146
1.0,6.0,30.0,0.5356506238859179
2.0,6.0,30.0,0.42201426024955435
3.0,6.0,30.0,0.5842245989304813
4.0,6.0,30.0,0.5815508021390375
1.0,7.0,30.0,0.578923563998191
2.0,7.0,30.0,0.6309362279511534
3.0,7.0,30.0,0.5599276345545002
4.0,7.0,30.0,0.6232473993668024
1.0,8.0,30.0,0.5677361853832442
2.0,8.0,30.0,0.6096256684491977
3.0,8.0,30.0,0.5900178253119429
4.0,8.0,30.0,0.6029411764705882
1.0,9.0,30.0,0.4755766621438263
2.0,9.0,30.0,0.3835368611488014
3.0,9.0,30.0,0.6508367254635913
4.0,9.0,30.0,0.5771144278606966
1.0,10.0,30.0,0.46434937611408206
2.0,10.0,30.0,0.46434937611408195
3.0,10.0,30.0,0.5953654188948306
4.0,10.0,30.0,0.47682709447415333
1.0,11.0,30.0,0.4625668449197863
2.0,11.0,30.0,0.4442959001782531
3.0,11.0,30.0,0.5953654188948305
4.0,11.0,30.0,0.44340463458110513
1.0,12.0,30.0,0.49242424242424243
2.0,12.0,30.0,0.6042780748663101
3.0,12.0,30.0,0.6706773618538322
4.0,12.0,30.0,0.605169340463458
1.0,13.0,30.0,0.531659882406151
2.0,13.0,30.0,0.493441881501583
3.0,13.0,30.0,0.5590230664857531
4.0,13.0,30.0,0.527363184079602
1.0,14.0,30.0,0.5065581184984169
2.0,14.0,30.0,0.5092718227046585
3.0,14.0,30.0,0.5789235639981909
4.0,14.0,30.0,0.5119855269108999
1.0,15.0,30.0,0.6254456327985738
2.0,15.0,30.0,0.6938502673796793
3.0,15.0,30.0,0.5695187165775402
4.0,15.0,30.0,0.6867201426024955
1.0,16.0,30.0,0.5597147950089126
2.0,16.0,30.0,0.6524064171122993
3.0,16.0,30.0,0.6978609625668449
4.0,16.0,30.0,0.6301247771836006
1.0,17.0,30.0,0.6916221033868091
2.0,17.0,30.0,0.6737967914438502
3.0,17.0,30.0,0.7063279857397503
4.0,17.0,30.0,0.6635472370766486
1.0,18.0,30.0,0.43025846702317294
2.0,18.0,30.0,0.427361853832442
3.0,18.0,30.0,0.6065062388591801
4.0,18.0,30.0,0.5909090909090908
1.0,19.0,30.0,0.5024509803921567
2.0,19.0,30.0,0.5387700534759359
3.0,19.0,30.0,0.5980392156862744
4.0,19.0,30.0,0.5280748663101604
1.0,20.0,30.0,0.42825311942959
2.0,20.0,30.0,0.6711229946524064
3.0,20.0,30.0,0.7072192513368983
4.0,20.0,30.0,0.6457219251336899
1.0,1.0,31.0,0.45635459068294887
2.0,1.0,31.0,0.4188150158299412
3.0,1.0,31.0,0.5838986883763003
4.0,1.0,31.0,0.5540479421076435
1.0,2.0,31.0,0.5753052917232023
2.0,2.0,31.0,0.6666666666666669
3.0,2.0,31.0,0.516508367254636
4.0,2.0,31.0,0.657620985979195
1.0,3.0,31.0,0.5646766169154229
2.0,3.0,31.0,0.576662143826323
3.0,3.0,31.0,0.532790592492085
4.0,3.0,31.0,0.5744007236544549
1.0,4.0,31.0,0.5628674807779285
2.0,4.0,31.0,0.5422885572139303
3.0,4.0,31.0,0.5038444142921754
4.0,4.0,31.0,0.5409317051108096
1.0,5.0,31.0,0.6512890094979649
2.0,5.0,31.0,0.645409317051108
3.0,5.0,31.0,0.4920850293984622
4.0,5.0,31.0,0.6187245590230666
1.0,6.0,31.0,0.5980392156862745
2.0,6.0,31.0,0.6163101604278075
3.0,6.0,31.0,0.5298573975044564
4.0,6.0,31.0,0.6198752228163993
1.0,7.0,31.0,0.5391225689733152
2.0,7.0,31.0,0.5757575757575759
3.0,7.0,31.0,0.57756671189507
4.0,7.0,31.0,0.6019900497512438
1.0,8.0,31.0,0.5024509803921569
2.0,8.0,31.0,0.4518716577540108
3.0,8.0,31.0,0.6479500891265598
4.0,8.0,31.0,0.44964349376114077
1.0,9.0,31.0,0.5434192672998642
2.0,9.0,31.0,0.47761194029850745
3.0,9.0,31.0,0.6241519674355496
4.0,9.0,31.0,0.48891904115784723
1.0,10.0,31.0,0.5409317051108096
2.0,10.0,31.0,0.47308909995477155
3.0,10.0,31.0,0.6087743102668476
4.0,10.0,31.0,0.5264586160108549
1.0,11.0,31.0,0.463817277250113
2.0,11.0,31.0,0.4418815015829941
3.0,11.0,31.0,0.5997286295793759
4.0,11.0,31.0,0.45680687471732245
1.0,12.0,31.0,0.4507575757575758
2.0,12.0,31.0,0.4380570409982176
3.0,12.0,31.0,0.6836007130124777
4.0,12.0,31.0,0.44206773618538336
1.0,13.0,31.0,0.6101311623699684
2.0,13.0,31.0,0.568973315241972
3.0,13.0,31.0,0.46087743102668477
4.0,13.0,31.0,0.5784712799638172
1.0,14.0,31.0,0.4175579322638147
2.0,14.0,31.0,0.5623885918003564
3.0,14.0,31.0,0.5779857397504455
4.0,14.0,31.0,0.5521390374331552
1.0,15.0,31.0,0.4681139755766621
2.0,15.0,31.0,0.4739936680235188
3.0,15.0,31.0,0.6277702397105384
4.0,15.0,31.0,0.46856625961103576
1.0,16.0,31.0,0.6359113523292629
2.0,16.0,31.0,0.5540479421076435
3.0,16.0,31.0,0.5866123925825418
4.0,16.0,31.0,0.5653550429669832
1.0,17.0,31.0,0.5728609625668449
2.0,17.0,31.0,0.5681818181818182
3.0,17.0,31.0,0.5601604278074868
4.0,17.0,31.0,0.5503565062388591
1.0,18.0,31.0,0.5305258467023172
2.0,18.0,31.0,0.5913547237076648
3.0,18.0,31.0,0.5610516934046343
4.0,18.0,31.0,0.5766488413547237
1.0,19.0,31.0,0.41198752228164
2.0,19.0,31.0,0.6537433155080213
3.0,19.0,31.0,0.6947415329768271
4.0,19.0,31.0,0.6305704099821746
1.0,20.0,31.0,0.4846256684491979
2.0,20.0,31.0,0.44830659536541895
3.0,20.0,31.0,0.6350267379679144
4.0,20.0,31.0,0.4732620320855615
1.0,1.0,32.0,0.5246494798733605
2.0,1.0,32.0,0.43826322930800543
3.0,1.0,32.0,0.6472184531886025
4.0,1.0,32.0,0.5540479421076435
1.0,2.0,32.0,0.48688376300316605
2.0,2.0,32.0,0.5042966983265489
3.0,2.0,32.0,0.6517412935323383
4.0,2.0,32.0,0.5427408412483039
1.0,3.0,32.0,0.5766621438263231
2.0,3.0,32.0,0.5852555404794212
3.0,3.0,32.0,0.538218000904568
4.0,3.0,32.0,0.5866123925825419
1.0,4.0,32.0,0.6085481682496608
2.0,4.0,32.0,0.5983717774762554
3.0,4.0,32.0,0.6042514699231119
4.0,4.0,32.0,0.5915875169606514
1.0,5.0,32.0,0.5075757575757576
2.0,5.0,32.0,0.4754901960784314
3.0,5.0,32.0,0.5681818181818181
4.0,5.0,32.0,0.4875222816399287
1.0,6.0,32.0,0.5069073083778967
2.0,6.0,32.0,0.3988413547237077
3.0,6.0,32.0,0.7045454545454545
4.0,6.0,32.0,0.5944741532976828
1.0,7.0,32.0,0.4742198100407055
2.0,7.0,32.0,0.4500226142017186
3.0,7.0,32.0,0.6227951153324288
4.0,7.0,32.0,0.5486205336951607
1.0,8.0,32.0,0.5199004975124379
2.0,8.0,32.0,0.6404341926729986
3.0,8.0,32.0,0.6051560379918589
4.0,8.0,32.0,0.6092265943012212
1.0,9.0,32.0,0.4844028520499109
2.0,9.0,32.0,0.6274509803921566
3.0,9.0,32.0,0.6568627450980393
4.0,9.0,32.0,0.606951871657754
1.0,10.0,32.0,0.5040705563093624
2.0,10.0,32.0,0.6250565355042967
3.0,10.0,32.0,0.6359113523292629
4.0,10.0,32.0,0.6182722749886929
1.0,11.0,32.0,0.4898236092265944
2.0,11.0,32.0,0.49434644957033025
3.0,11.0,32.0,0.5255540479421075
4.0,11.0,32.0,0.47354138398914525
1.0,12.0,32.0,0.623217468805704
2.0,12.0,32.0,0.6301247771836008
3.0,12.0,32.0,0.5623885918003566
4.0,12.0,32.0,0.6323529411764708
1.0,13.0,32.0,0.5092718227046585
2.0,13.0,32.0,0.4382632293080055
3.0,13.0,32.0,0.5911352329262777
4.0,13.0,32.0,0.4862053369516056
1.0,14.0,32.0,0.47170231729055256
2.0,14.0,32.0,0.4674688057040998
3.0,14.0,32.0,0.6791443850267379
4.0,14.0,32.0,0.46746880570409977
1.0,15.0,32.0,0.5430035650623886
2.0,15.0,32.0,0.587344028520499
3.0,15.0,32.0,0.6238859180035651
4.0,15.0,32.0,0.5971479500891266
1.0,16.0,32.0,0.45744206773618534
2.0,16.0,32.0,0.6065062388591802
3.0,16.0,32.0,0.6778074866310161
4.0,16.0,32.0,0.5918003565062389
1.0,17.0,32.0,0.5374331550802139
2.0,17.0,32.0,0.5548128342245989
3.0,17.0,32.0,0.5160427807486632
4.0,17.0,32.0,0.5316399286987522
1.0,18.0,32.0,0.5456806874717324
2.0,18.0,32.0,0.45228403437358655
3.0,18.0,32.0,0.5956580732700136
4.0,18.0,32.0,0.5576662143826322
1.0,19.0,32.0,0.5837789661319073
2.0,19.0,32.0,0.5623885918003566
3.0,19.0,32.0,0.5503565062388592
4.0,19.0,32.0,0.5614973262032086
1.0,20.0,32.0,0.5741978609625669
2.0,20.0,32.0,0.6131907308377895
3.0,20.0,32.0,0.64349376114082
4.0,20.0,32.0,0.6122994652406418
1.0,1.0,33.0,0.4979647218453189
2.0,1.0,33.0,0.4531886024423338
3.0,1.0,33.0,0.6096788783355949
4.0,1.0,33.0,0.4735413839891451
1.0,2.0,33.0,0.5486205336951605
2.0,2.0,33.0,0.6196291270918138
3.0,2.0,33.0,0.5952057892356399
4.0,2.0,33.0,0.615106286748078
1.0,3.0,33.0,0.5394385026737969
2.0,3.0,33.0,0.5138146167557932
3.0,3.0,33.0,0.6234402852049911
4.0,3.0,33.0,0.5151515151515151
1.0,4.0,33.0,0.633649932157395
2.0,4.0,33.0,0.6341022161917684
3.0,4.0,33.0,0.4839439167797377
4.0,4.0,33.0,0.6327453640886476
1.0,5.0,33.0,0.5260695187165775
2.0,5.0,33.0,0.49197860962566853
3.0,5.0,33.0,0.6648841354723707
4.0,5.0,33.0,0.4799465240641711
1.0,6.0,33.0,0.5104025327905924
2.0,6.0,33.0,0.5092718227046585
3.0,6.0,33.0,0.5694255992763455
4.0,6.0,33.0,0.5101763907734057
1.0,7.0,33.0,0.5418362731795567
2.0,7.0,33.0,0.44188150158299405
3.0,7.0,33.0,0.7019448213478066
4.0,7.0,33.0,0.4644957033016735
1.0,8.0,33.0,0.6313885119855269
2.0,8.0,33.0,0.3817277250113071
3.0,8.0,33.0,0.5431931252826776
4.0,8.0,33.0,0.6151062867480778
1.0,9.0,33.0,0.5106286748077793
2.0,9.0,33.0,0.397105382180009
3.0,9.0,33.0,0.738579828132067
4.0,9.0,33.0,0.39620081411126185
1.0,10.0,33.0,0.4907281772953414
2.0,10.0,33.0,0.4739936680235187
3.0,10.0,33.0,0.6223428312980552
4.0,10.0,33.0,0.48801447308909995
1.0,11.0,33.0,0.6446078431372549
2.0,11.0,33.0,0.6203208556149733
3.0,11.0,33.0,0.46078431372549017
4.0,11.0,33.0,0.6194295900178254
1.0,12.0,33.0,0.41677973767526005
2.0,12.0,33.0,0.35911352329262775
3.0,12.0,33.0,0.6517412935323383
4.0,12.0,33.0,0.641338760741746
1.0,13.0,33.0,0.4886928991406604
2.0,13.0,33.0,0.4382632293080053
3.0,13.0,33.0,0.6454093170511082
4.0,13.0,33.0,0.4554500226142017
1.0,14.0,33.0,0.4318181818181819
2.0,14.0,33.0,0.6024955436720143
3.0,14.0,33.0,0.60650623885918
4.0,14.0,33.0,0.6042780748663101
1.0,15.0,33.0,0.5343735866123924
2.0,15.0,33.0,0.5278154681139756
3.0,15.0,33.0,0.5635459068294889
4.0,15.0,33.0,0.5323383084577115
1.0,16.0,33.0,0.4701492537313433
2.0,16.0,33.0,0.46268656716417905
3.0,16.0,33.0,0.6322930800542742
4.0,16.0,33.0,0.4513794663048394
1.0,17.0,33.0,0.4948752228163993
2.0,17.0,33.0,0.43538324420677366
3.0,17.0,33.0,0.6800356506238859
4.0,17.0,33.0,0.46524064171123
1.0,18.0,33.0,0.673224785165084
2.0,18.0,33.0,0.6684758028041611
3.0,18.0,33.0,0.672998643147897
4.0,18.0,33.0,0.6766169154228857
1.0,19.0,33.0,0.386250565355043
2.0,19.0,33.0,0.39032112166440525
3.0,19.0,33.0,0.608322026232474
4.0,19.0,33.0,0.410221619176843
1.0,20.0,33.0,0.4774955436720143
2.0,20.0,33.0,0.44518716577540113
3.0,20.0,33.0,0.570855614973262
4.0,20.0,33.0,0.5450089126559716
1.0,1.0,34.0,0.5938489371325192
2.0,1.0,34.0,0.45635459068294887
3.0,1.0,34.0,0.7213930348258707
4.0,1.0,34.0,0.46449570330167345
1.0,2.0,34.0,0.40524649479873365
2.0,2.0,34.0,0.3437358661239258
3.0,2.0,34.0,0.5762098597919493
4.0,2.0,34.0,0.6363636363636364
1.0,3.0,34.0,0.4147444595205789
2.0,3.0,34.0,0.425599276345545
3.0,3.0,34.0,0.5070104025327905
4.0,3.0,34.0,0.5811849841700587
1.0,4.0,34.0,0.4563279857397504
2.0,4.0,34.0,0.608288770053476
3.0,4.0,34.0,0.5142602495543671
4.0,4.0,34.0,0.6114081996434938
1.0,5.0,34.0,0.5031194295900179
2.0,5.0,34.0,0.4237967914438503
3.0,5.0,34.0,0.6564171122994653
4.0,5.0,34.0,0.5677361853832441
1.0,6.0,34.0,0.4305744007236545
2.0,6.0,34.0,0.42514699231117137
3.0,6.0,34.0,0.7100859339665311
4.0,6.0,34.0,0.4527363184079602
1.0,7.0,34.0,0.5169606512890095
2.0,7.0,34.0,0.4631388511985526
3.0,7.0,34.0,0.6354590682948893
4.0,7.0,34.0,0.46675712347354137
1.0,8.0,34.0,0.5113071008593396
2.0,8.0,34.0,0.4436906377204885
3.0,8.0,34.0,0.6169154228855721
4.0,8.0,34.0,0.4396200814111262
1.0,9.0,34.0,0.5309814563545907
2.0,9.0,34.0,0.6381727725011307
3.0,9.0,34.0,0.5906829488919041
4.0,9.0,34.0,0.6155585707824515
1.0,10.0,34.0,0.5922459893048129
2.0,10.0,34.0,0.6626559714795011
3.0,10.0,34.0,0.6007130124777184
4.0,10.0,34.0,0.6506238859180037
1.0,11.0,34.0,0.5637720488466758
2.0,11.0,34.0,0.6309362279511534
3.0,11.0,34.0,0.5861601085481682
4.0,11.0,34.0,0.6354590682948893
1.0,12.0,34.0,0.6607869742198101
2.0,12.0,34.0,0.668475802804161
3.0,12.0,34.0,0.6399819086386251
4.0,12.0,34.0,0.6689280868385347
1.0,13.0,34.0,0.6128448665762098
2.0,13.0,34.0,0.6327453640886478
3.0,13.0,34.0,0.610583446404342
4.0,13.0,34.0,0.6200814111261873
1.0,14.0,34.0,0.5241971958389869
2.0,14.0,34.0,0.5884215287200362
3.0,14.0,34.0,0.6214382632293082
4.0,14.0,34.0,0.5952057892356399
1.0,15.0,34.0,0.5425579322638145
2.0,15.0,34.0,0.4554367201426025
3.0,15.0,34.0,0.6764705882352942
4.0,15.0,34.0,0.4844028520499109
1.0,16.0,34.0,0.5658073270013568
2.0,16.0,34.0,0.5526910900045228
3.0,16.0,34.0,0.602894617819991
4.0,16.0,34.0,0.5649027589326097
1.0,17.0,34.0,0.555926916221034
2.0,17.0,34.0,0.47504456327985733
3.0,17.0,34.0,0.5802139037433154
4.0,17.0,34.0,0.4803921568627451
1.0,18.0,34.0,0.5490728177295341
2.0,18.0,34.0,0.6155585707824516
3.0,18.0,34.0,0.6870194482134783
4.0,18.0,34.0,0.613749434644957
1.0,19.0,34.0,0.6127450980392155
2.0,19.0,34.0,0.6127450980392157
3.0,19.0,34.0,0.5369875222816399
4.0,19.0,34.0,0.6252228163992869
1.0,20.0,34.0,0.4848484848484848
2.0,20.0,34.0,0.6105834464043419
3.0,20.0,34.0,0.6309362279511534
4.0,20.0,34.0,0.5811849841700587
1.0,1.0,35.0,0.5214834916327453
2.0,1.0,35.0,0.5838986883763002
3.0,1.0,35.0,0.5902306648575306
4.0,1.0,35.0,0.5911352329262778
1.0,2.0,35.0,0.5472636815920398
2.0,2.0,35.0,0.665309814563546
3.0,2.0,35.0,0.6363636363636365
4.0,2.0,35.0,0.6535504296698328
1.0,3.0,35.0,0.5452284034373586
2.0,3.0,35.0,0.5933966530981456
3.0,3.0,35.0,0.5585707824513795
4.0,3.0,35.0,0.5947535052012666
1.0,4.0,35.0,0.5834464043419267
2.0,4.0,35.0,0.4975124378109453
3.0,4.0,35.0,0.5716870194482135
4.0,4.0,35.0,0.52962460425147
1.0,5.0,35.0,0.5793758480325644
2.0,5.0,35.0,0.496607869742198
3.0,5.0,35.0,0.6888285843509725
4.0,5.0,35.0,0.5146992311171416
1.0,6.0,35.0,0.4679144385026738
2.0,6.0,35.0,0.444741532976827
3.0,6.0,35.0,0.5681818181818182
4.0,6.0,35.0,0.5597147950089125
1.0,7.0,35.0,0.5599276345545002
2.0,7.0,35.0,0.6883763003165989
3.0,7.0,35.0,0.5970149253731345
4.0,7.0,35.0,0.6906377204884668
1.0,8.0,35.0,0.6277702397105382
2.0,8.0,35.0,0.6689280868385347
3.0,8.0,35.0,0.5698778833107192
4.0,8.0,35.0,0.633649932157395
1.0,9.0,35.0,0.5827679782903663
2.0,9.0,35.0,0.5848032564450476
3.0,9.0,35.0,0.5739484396200814
4.0,9.0,35.0,0.6006331976481231
1.0,10.0,35.0,0.5289461781999094
2.0,10.0,35.0,0.642243328810493
3.0,10.0,35.0,0.6938037087290819
4.0,10.0,35.0,0.5997286295793758
1.0,11.0,35.0,0.5599376114081998
2.0,11.0,35.0,0.5369875222816402
3.0,11.0,35.0,0.6693404634581105
4.0,11.0,35.0,0.5280748663101605
1.0,12.0,35.0,0.4881907308377897
2.0,12.0,35.0,0.5797682709447415
3.0,12.0,35.0,0.6434937611408197
4.0,12.0,35.0,0.5793226381461676
1.0,13.0,35.0,0.658645276292335
2.0,13.0,35.0,0.6987522281639929
3.0,13.0,35.0,0.6287878787878789
4.0,13.0,35.0,0.6893939393939392
1.0,14.0,35.0,0.4990954319312529
2.0,14.0,35.0,0.6019900497512438
3.0,14.0,35.0,0.6757123473541385
4.0,14.0,35.0,0.5685210312075984
1.0,15.0,35.0,0.5387700534759359
2.0,15.0,35.0,0.5677361853832443
3.0,15.0,35.0,0.5668449197860961
4.0,15.0,35.0,0.5659536541889484
1.0,16.0,35.0,0.5291723202170964
2.0,16.0,35.0,0.5165083672546359
3.0,16.0,35.0,0.555857078245138
4.0,16.0,35.0,0.5323383084577115
1.0,17.0,35.0,0.4592245989304813
2.0,17.0,35.0,0.42156862745098034
3.0,17.0,35.0,0.6702317290552585
4.0,17.0,35.0,0.5802139037433153
1.0,18.0,35.0,0.4916327453640885
2.0,18.0,35.0,0.4486657620985979
3.0,18.0,35.0,0.6173677069199457
4.0,18.0,35.0,0.4812302125734962
1.0,19.0,35.0,0.5015597147950089
2.0,19.0,35.0,0.4866310160427807
3.0,19.0,35.0,0.5677361853832443
4.0,19.0,35.0,0.4986631016042781
1.0,20.0,35.0,0.6451831750339214
2.0,20.0,35.0,0.6757123473541385
3.0,20.0,35.0,0.727725011307101
4.0,20.0,35.0,0.6666666666666669
1.0,1.0,36.0,0.5135918003565062
2.0,1.0,36.0,0.41844919786096246
3.0,1.0,36.0,0.6666666666666666
4.0,1.0,36.0,0.5873440285204994
1.0,2.0,36.0,0.5359565807327001
2.0,2.0,36.0,0.6209859791949344
3.0,2.0,36.0,0.5793758480325645
4.0,2.0,36.0,0.6146540027137042
1.0,3.0,36.0,0.5128900949796472
2.0,3.0,36.0,0.4056987788331072
3.0,3.0,36.0,0.6910900045228404
4.0,3.0,36.0,0.5649027589326097
1.0,4.0,36.0,0.5621890547263682
2.0,4.0,36.0,0.551334237901402
3.0,4.0,36.0,0.6286748077792854
4.0,4.0,36.0,0.5526910900045227
1.0,5.0,36.0,0.5643939393939393
2.0,5.0,36.0,0.6287878787878788
3.0,5.0,36.0,0.6706773618538323
4.0,5.0,36.0,0.622103386809269
1.0,6.0,36.0,0.4200089126559714
2.0,6.0,36.0,0.4135472370766488
3.0,6.0,36.0,0.6216577540106952
4.0,6.0,36.0,0.5646167557932263
1.0,7.0,36.0,0.5554812834224598
2.0,7.0,36.0,0.4407308377896614
3.0,7.0,36.0,0.6622103386809268
4.0,7.0,36.0,0.5730837789661319
1.0,8.0,36.0,0.574400723654455
2.0,8.0,36.0,0.6196291270918136
3.0,8.0,36.0,0.6295793758480325
4.0,8.0,36.0,0.6259611035730439
1.0,9.0,36.0,0.4898236092265942
2.0,9.0,36.0,0.44957033016734504
3.0,9.0,36.0,0.6205336951605608
4.0,9.0,36.0,0.44821347806422435
1.0,10.0,36.0,0.5230664857530529
2.0,10.0,36.0,0.46404341926729986
3.0,10.0,36.0,0.7132519222071462
4.0,10.0,36.0,0.47761194029850745
1.0,11.0,36.0,0.33333333333333337
2.0,11.0,36.0,0.3279857397504457
3.0,11.0,36.0,0.6550802139037432
4.0,11.0,36.0,0.6786987522281641
1.0,12.0,36.0,0.5083672546359115
2.0,12.0,36.0,0.5563093622795116
3.0,12.0,36.0,0.5355042966983266
4.0,12.0,36.0,0.5477159656264133
1.0,13.0,36.0,0.5576662143826323
2.0,13.0,36.0,0.5309814563545908
3.0,13.0,36.0,0.6137494346449571
4.0,13.0,36.0,0.5300768882858437
1.0,14.0,36.0,0.47173224785165074
2.0,14.0,36.0,0.4341926729986431
3.0,14.0,36.0,0.6300316598824063
4.0,14.0,36.0,0.4274084124830393
1.0,15.0,36.0,0.5470142602495546
2.0,15.0,36.0,0.5975935828877004
3.0,15.0,36.0,0.5481283422459895
4.0,15.0,36.0,0.5721925133689838
1.0,16.0,36.0,0.6345545002261422
2.0,16.0,36.0,0.6802351876978744
3.0,16.0,36.0,0.6716417910447762
4.0,16.0,36.0,0.6748077792853914
1.0,17.0,36.0,0.6885026737967913
2.0,17.0,36.0,0.6880570409982173
3.0,17.0,36.0,0.5971479500891266
4.0,17.0,36.0,0.6844919786096256
1.0,18.0,36.0,0.5160427807486632
2.0,18.0,36.0,0.57174688057041
3.0,18.0,36.0,0.5900178253119429
4.0,18.0,36.0,0.5708556149732621
1.0,19.0,36.0,0.463903743315508
2.0,19.0,36.0,0.5944741532976826
3.0,19.0,36.0,0.5949197860962566
4.0,19.0,36.0,0.5971479500891267
1.0,20.0,36.0,0.5579322638146168
2.0,20.0,36.0,0.5690730837789661
3.0,20.0,36.0,0.6885026737967915
4.0,20.0,36.0,0.5597147950089126
1.0,1.0,37.0,0.5545002261420172
2.0,1.0,37.0,0.6612392582541836
3.0,1.0,37.0,0.5309814563545908
4.0,1.0,37.0,0.6644052464947988
1.0,2.0,37.0,0.4504748982360922
2.0,2.0,37.0,0.39439167797376745
3.0,2.0,37.0,0.6449570330167346
4.0,2.0,37.0,0.5838986883763002
1.0,3.0,37.0,0.6250565355042967
2.0,3.0,37.0,0.6386250565355044
3.0,3.0,37.0,0.6173677069199458
4.0,3.0,37.0,0.6151062867480779
1.0,4.0,37.0,0.5836725463591135
2.0,4.0,37.0,0.6635006784260516
3.0,4.0,37.0,0.63048394391678
4.0,4.0,37.0,0.6426956128448666
1.0,5.0,37.0,0.4554500226142017
2.0,5.0,37.0,0.44504748982360925
3.0,5.0,37.0,0.6056083220262324
4.0,5.0,37.0,0.5540479421076436
1.0,6.0,37.0,0.5454545454545454
2.0,6.0,37.0,0.4567736185383243
3.0,6.0,37.0,0.6145276292335116
4.0,6.0,37.0,0.5467914438502673
1.0,7.0,37.0,0.5565953654188949
2.0,7.0,37.0,0.6216577540106949
3.0,7.0,37.0,0.6434937611408201
4.0,7.0,37.0,0.6163101604278076
1.0,8.0,37.0,0.41510695187165775
2.0,8.0,37.0,0.4518716577540106
3.0,8.0,37.0,0.5993761140819965
4.0,8.0,37.0,0.4572192513368984
1.0,9.0,37.0,0.5280748663101604
2.0,9.0,37.0,0.571301247771836
3.0,9.0,37.0,0.5561497326203209
4.0,9.0,37.0,0.5868983957219249
1.0,10.0,37.0,0.5572638146167557
2.0,10.0,37.0,0.6131907308377897
3.0,10.0,37.0,0.5806595365418896
4.0,10.0,37.0,0.5931372549019608
1.0,11.0,37.0,0.48982360922659424
2.0,11.0,37.0,0.5115332428765265
3.0,11.0,37.0,0.5630936227951154
4.0,11.0,37.0,0.5178652193577566
1.0,12.0,37.0,0.4043419267299864
2.0,12.0,37.0,0.373134328358209
3.0,12.0,37.0,0.6874717322478517
4.0,12.0,37.0,0.5780189959294438
1.0,13.0,37.0,0.5222816399286987
2.0,13.0,37.0,0.606060606060606
3.0,13.0,37.0,0.5904634581105168
4.0,13.0,37.0,0.586898395721925
1.0,14.0,37.0,0.5173796791443851
2.0,14.0,37.0,0.49286987522281644
3.0,14.0,37.0,0.5918003565062387
4.0,14.0,37.0,0.5008912655971479
1.0,15.0,37.0,0.5196078431372549
2.0,15.0,37.0,0.5837789661319073
3.0,15.0,37.0,0.6577540106951871
4.0,15.0,37.0,0.5565953654188946
1.0,16.0,37.0,0.4850746268656716
2.0,16.0,37.0,0.5612844866576211
3.0,16.0,37.0,0.5879692446856627
4.0,16.0,37.0,0.5409317051108097
1.0,17.0,37.0,0.45721925133689845
2.0,17.0,37.0,0.3556149732620321
3.0,17.0,37.0,0.7237076648841354
4.0,17.0,37.0,0.6238859180035652
1.0,18.0,37.0,0.47571301247771836
2.0,18.0,37.0,0.4255793226381461
3.0,18.0,37.0,0.6149732620320854
4.0,18.0,37.0,0.43716577540106955
1.0,19.0,37.0,0.44753505201266397
2.0,19.0,37.0,0.45590230664857534
3.0,19.0,37.0,0.5630936227951153
4.0,19.0,37.0,0.43962008141112624
1.0,20.0,37.0,0.510854816824966
2.0,20.0,37.0,0.4513794663048394
3.0,20.0,37.0,0.6612392582541837
4.0,20.0,37.0,0.4825870646766169
1.0,1.0,38.0,0.5329768270944741
2.0,1.0,38.0,0.6345811051693405
3.0,1.0,38.0,0.5592691622103386
4.0,1.0,38.0,0.6550802139037432
1.0,2.0,38.0,0.5714608774310267
2.0,2.0,38.0,0.5725915875169607
3.0,2.0,38.0,0.5287200361827229
4.0,2.0,38.0,0.5486205336951607
1.0,3.0,38.0,0.5635459068294889
2.0,3.0,38.0,0.6042514699231117
3.0,3.0,38.0,0.5237449118046134
4.0,3.0,38.0,0.5970149253731344
1.0,4.0,38.0,0.5053475935828877
2.0,4.0,38.0,0.6350267379679145
3.0,4.0,38.0,0.6800356506238859
4.0,4.0,38.0,0.6069518716577542
1.0,5.0,38.0,0.5341474445952059
2.0,5.0,38.0,0.6879240162822253
3.0,5.0,38.0,0.6028946178199911
4.0,5.0,38.0,0.6933514246947083
1.0,6.0,38.0,0.5468113975576663
2.0,6.0,38.0,0.5707824513794664
3.0,6.0,38.0,0.5825418362731796
4.0,6.0,38.0,0.5621890547263682
1.0,7.0,38.0,0.4222370766488414
2.0,7.0,38.0,0.40374331550802145
3.0,7.0,38.0,0.7076648841354725
4.0,7.0,38.0,0.42201426024955435
1.0,8.0,38.0,0.571969696969697
2.0,8.0,38.0,0.5993761140819964
3.0,8.0,38.0,0.6252228163992869
4.0,8.0,38.0,0.572192513368984
1.0,9.0,38.0,0.49231117141564906
2.0,9.0,38.0,0.45635459068294887
3.0,9.0,38.0,0.6503844414292176
4.0,9.0,38.0,0.438715513342379
1.0,10.0,38.0,0.5728177295341476
2.0,10.0,38.0,0.6463138851198553
3.0,10.0,38.0,0.6386250565355045
4.0,10.0,38.0,0.6327453640886478
1.0,11.0,38.0,0.41135232926277704
2.0,11.0,38.0,0.397105382180009
3.0,11.0,38.0,0.6684758028041611
4.0,11.0,38.0,0.40841248303934874
1.0,12.0,38.0,0.47459893048128343
2.0,12.0,38.0,0.4692513368983957
3.0,12.0,38.0,0.5329768270944741
4.0,12.0,38.0,0.4741532976827094
1.0,13.0,38.0,0.5587969244685662
2.0,13.0,38.0,0.49660786974219795
3.0,13.0,38.0,0.7236544549977386
4.0,13.0,38.0,0.5065581184984168
1.0,14.0,38.0,0.4972862957937584
2.0,14.0,38.0,0.4287652645861601
3.0,14.0,38.0,0.6399819086386251
4.0,14.0,38.0,0.44730890999547723
1.0,15.0,38.0,0.4353832442067737
2.0,15.0,38.0,0.6198752228163994
3.0,15.0,38.0,0.6902852049910874
4.0,15.0,38.0,0.6470588235294117
1.0,16.0,38.0,0.5659536541889484
2.0,16.0,38.0,0.6238859180035651
3.0,16.0,38.0,0.6221033868092691
4.0,16.0,38.0,0.6002673796791443
1.0,17.0,38.0,0.6470588235294116
2.0,17.0,38.0,0.6720142602495542
3.0,17.0,38.0,0.5949197860962567
4.0,17.0,38.0,0.6635472370766489
1.0,18.0,38.0,0.4725935828877005
2.0,18.0,38.0,0.41755793226381466
3.0,18.0,38.0,0.6470588235294118
4.0,18.0,38.0,0.5851158645276293
1.0,19.0,38.0,0.537878787878788
2.0,19.0,38.0,0.5485739750445633
3.0,19.0,38.0,0.5922459893048129
4.0,19.0,38.0,0.45721925133689845
1.0,20.0,38.0,0.45811051693404636
2.0,20.0,38.0,0.4407308377896613
3.0,20.0,38.0,0.623885918003565
4.0,20.0,38.0,0.5726381461675579
1.0,1.0,39.0,0.6189507010402534
2.0,1.0,39.0,0.6142017186793305
3.0,1.0,39.0,0.5205789235639983
4.0,1.0,39.0,0.5716870194482134
1.0,2.0,39.0,0.4979647218453189
2.0,2.0,39.0,0.4355495251017639
3.0,2.0,39.0,0.6544549977385798
4.0,2.0,39.0,0.4577114427860696
1.0,3.0,39.0,0.5409982174688056
2.0,3.0,39.0,0.6073975044563279
3.0,3.0,39.0,0.5944741532976827
4.0,3.0,39.0,0.606060606060606
1.0,4.0,39.0,0.5824420677361855
2.0,4.0,39.0,0.49331550802139046
3.0,4.0,39.0,0.681372549019608
4.0,4.0,39.0,0.48975044563279857
1.0,5.0,39.0,0.5818634102216192
2.0,5.0,39.0,0.6178199909543194
3.0,5.0,39.0,0.5626413387607417
4.0,5.0,39.0,0.5906829488919041
1.0,6.0,39.0,0.6241519674355497
2.0,6.0,39.0,0.6286748077792855
3.0,6.0,39.0,0.602894617819991
4.0,6.0,39.0,0.6214382632293081
1.0,7.0,39.0,0.5020352781546812
2.0,7.0,39.0,0.6019900497512436
3.0,7.0,39.0,0.7055630936227952
4.0,7.0,39.0,0.5762098597919493
1.0,8.0,39.0,0.5538218000904569
2.0,8.0,39.0,0.6449570330167346
3.0,8.0,39.0,0.5707824513794663
4.0,8.0,39.0,0.6377204884667571
1.0,9.0,39.0,0.6528520499108733
2.0,9.0,39.0,0.6715686274509802
3.0,9.0,39.0,0.6327985739750445
4.0,9.0,39.0,0.658645276292335
1.0,10.0,39.0,0.5650623885918001
2.0,10.0,39.0,0.5762032085561497
3.0,10.0,39.0,0.5815508021390375
4.0,10.0,39.0,0.5592691622103386
1.0,11.0,39.0,0.5726381461675579
2.0,11.0,39.0,0.5329768270944741
3.0,11.0,39.0,0.5668449197860963
4.0,11.0,39.0,0.5530303030303031
1.0,12.0,39.0,0.5990502035278155
2.0,12.0,39.0,0.5725915875169606
3.0,12.0,39.0,0.5454545454545454
4.0,12.0,39.0,0.579828132066938
1.0,13.0,39.0,0.6167557932263813
2.0,13.0,39.0,0.6746880570409981
3.0,13.0,39.0,0.6697860962566844
4.0,13.0,39.0,0.6893939393939396
1.0,14.0,39.0,0.4442959001782531
2.0,14.0,39.0,0.6305704099821748
3.0,14.0,39.0,0.6581996434937611
4.0,14.0,39.0,0.605169340463458
1.0,15.0,39.0,0.4558823529411764
2.0,15.0,39.0,0.41042780748663105
3.0,15.0,39.0,0.5557040998217467
4.0,15.0,39.0,0.5837789661319073
1.0,16.0,39.0,0.5561497326203209
2.0,16.0,39.0,0.5057932263814617
3.0,16.0,39.0,0.64349376114082
4.0,16.0,39.0,0.5231729055258467
1.0,17.0,39.0,0.5897950089126559
2.0,17.0,39.0,0.6613190730837789
3.0,17.0,39.0,0.6907308377896614
4.0,17.0,39.0,0.6345811051693405
1.0,18.0,39.0,0.6303475935828878
2.0,18.0,39.0,0.6983065953654188
3.0,18.0,39.0,0.659090909090909
4.0,18.0,39.0,0.7134581105169338
1.0,19.0,39.0,0.6671189507010403
2.0,19.0,39.0,0.6933514246947085
3.0,19.0,39.0,0.6123925825418362
4.0,19.0,39.0,0.6503844414292177
1.0,20.0,39.0,0.33763003165988237
2.0,20.0,39.0,0.35052012663952964
3.0,20.0,39.0,0.6322930800542741
4.0,20.0,39.0,0.6309362279511534
1.0,1.0,40.0,0.5911352329262779
2.0,1.0,40.0,0.4337403889642696
3.0,1.0,40.0,0.5187697874265038
4.0,1.0,40.0,0.48530076888285845
1.0,2.0,40.0,0.4615558570782451
2.0,2.0,40.0,0.44459520578923556
3.0,2.0,40.0,0.5988240615106287
4.0,2.0,40.0,0.5395748530076887
1.0,3.0,40.0,0.5047489823609228
2.0,3.0,40.0,0.6241519674355496
3.0,3.0,40.0,0.5644504748982362
4.0,3.0,40.0,0.6291270918136591
1.0,4.0,40.0,0.5669380370872907
2.0,4.0,40.0,0.5762098597919494
3.0,4.0,40.0,0.6625961103573045
4.0,4.0,40.0,0.5590230664857531
1.0,5.0,40.0,0.5906829488919041
2.0,5.0,40.0,0.42152872003618275
3.0,5.0,40.0,0.6295793758480327
4.0,5.0,40.0,0.5716870194482135
1.0,6.0,40.0,0.5935828877005347
2.0,6.0,40.0,0.7014260249554368
3.0,6.0,40.0,0.7121212121212119
4.0,6.0,40.0,0.6813725490196079
1.0,7.0,40.0,0.5160560832202624
2.0,7.0,40.0,0.5780189959294437
3.0,7.0,40.0,0.47987336047037543
4.0,7.0,40.0,0.5816372682044324
1.0,8.0,40.0,0.4617819990954319
2.0,8.0,40.0,0.6123925825418362
3.0,8.0,40.0,0.7127996381727727
4.0,8.0,40.0,0.6101311623699683
1.0,9.0,40.0,0.6136363636363635
2.0,9.0,40.0,0.6466131907308378
3.0,9.0,40.0,0.5646167557932263
4.0,9.0,40.0,0.6559714795008913
1.0,10.0,40.0,0.5860071301247771
2.0,10.0,40.0,0.6105169340463458
3.0,10.0,40.0,0.6786987522281641
4.0,10.0,40.0,0.5851158645276292
1.0,11.0,40.0,0.5244233378561736
2.0,11.0,40.0,0.4242424242424242
3.0,11.0,40.0,0.6657620985979196
4.0,11.0,40.0,0.4319312528267752
1.0,12.0,40.0,0.4631388511985527
2.0,12.0,40.0,0.4396200814111261
3.0,12.0,40.0,0.592944369063772
4.0,12.0,40.0,0.5540479421076436
1.0,13.0,40.0,0.6739032112166441
2.0,13.0,40.0,0.6101311623699684
3.0,13.0,40.0,0.5463591135232927
4.0,13.0,40.0,0.6173677069199459
1.0,14.0,40.0,0.5651289009497964
2.0,14.0,40.0,0.48620533695160567
3.0,14.0,40.0,0.6720940750791498
4.0,14.0,40.0,0.5065581184984171
1.0,15.0,40.0,0.46100713012477723
2.0,15.0,40.0,0.42424242424242425
3.0,15.0,40.0,0.6702317290552584
4.0,15.0,40.0,0.4371657754010695
1.0,16.0,40.0,0.6155585707824514
2.0,16.0,40.0,0.688376300316599
3.0,16.0,40.0,0.6775214834916329
4.0,16.0,40.0,0.6671189507010404
1.0,17.0,40.0,0.5369875222816399
2.0,17.0,40.0,0.4852941176470589
3.0,17.0,40.0,0.5570409982174687
4.0,17.0,40.0,0.46390374331550793
1.0,18.0,40.0,0.4565508021390374
2.0,18.0,40.0,0.44786096256684504
3.0,18.0,40.0,0.6385918003565063
4.0,18.0,40.0,0.45944741532976824
1.0,19.0,40.0,0.5637254901960784
2.0,19.0,40.0,0.6372549019607842
3.0,19.0,40.0,0.6096256684491979
4.0,19.0,40.0,0.6016042780748664
1.0,20.0,40.0,0.5020352781546811
2.0,20.0,40.0,0.438715513342379
3.0,20.0,40.0,0.670737222976029
4.0,20.0,40.0,0.4685662596110356
1.0,1.0,41.0,0.6123925825418365
2.0,1.0,41.0,0.5866123925825419
3.0,1.0,41.0,0.5418362731795568
4.0,1.0,41.0,0.5621890547263682
1.0,2.0,41.0,0.5467914438502673
2.0,2.0,41.0,0.45588235294117646
3.0,2.0,41.0,0.6613190730837788
4.0,2.0,41.0,0.5463458110516933
1.0,3.0,41.0,0.45588235294117646
2.0,3.0,41.0,0.6029411764705882
3.0,3.0,41.0,0.6180926916221033
4.0,3.0,41.0,0.6024955436720142
1.0,4.0,41.0,0.5492424242424242
2.0,4.0,41.0,0.5984848484848485
3.0,4.0,41.0,0.5788770053475936
4.0,4.0,41.0,0.5958110516934046
1.0,5.0,41.0,0.5481283422459892
2.0,5.0,41.0,0.5521390374331551
3.0,5.0,41.0,0.589126559714795
4.0,5.0,41.0,0.553475935828877
1.0,6.0,41.0,0.5262324739936681
2.0,6.0,41.0,0.49298959746720944
3.0,6.0,41.0,0.6395296246042514
4.0,6.0,41.0,0.4975124378109453
1.0,7.0,41.0,0.5231729055258467
2.0,7.0,41.0,0.516934046345811
3.0,7.0,41.0,0.5846702317290553
4.0,7.0,41.0,0.5040106951871657
1.0,8.0,41.0,0.4558823529411765
2.0,8.0,41.0,0.46167557932263814
3.0,8.0,41.0,0.6065062388591801
4.0,8.0,41.0,0.44652406417112306
1.0,9.0,41.0,0.5788770053475936
2.0,9.0,41.0,0.6180926916221035
3.0,9.0,41.0,0.67602495543672
4.0,9.0,41.0,0.6180926916221033
1.0,10.0,41.0,0.5664857530529172
2.0,10.0,41.0,0.6684758028041611
3.0,10.0,41.0,0.6142017186793307
4.0,10.0,41.0,0.6607869742198101
1.0,11.0,41.0,0.6458616010854817
2.0,11.0,41.0,0.6635006784260516
3.0,11.0,41.0,0.6200814111261873
4.0,11.0,41.0,0.6458616010854817
1.0,12.0,41.0,0.5815508021390374
2.0,12.0,41.0,0.5846702317290553
3.0,12.0,41.0,0.5989304812834224
4.0,12.0,41.0,0.5641711229946524
1.0,13.0,41.0,0.5167112299465241
2.0,13.0,41.0,0.627005347593583
3.0,13.0,41.0,0.5779857397504458
4.0,13.0,41.0,0.6136363636363635
1.0,14.0,41.0,0.5699643493761141
2.0,14.0,41.0,0.5436720142602496
3.0,14.0,41.0,0.6216577540106951
4.0,14.0,41.0,0.5672905525846703
1.0,15.0,41.0,0.591131907308378
2.0,15.0,41.0,0.5432263814616757
3.0,15.0,41.0,0.6292335115864529
4.0,15.0,41.0,0.5485739750445632
1.0,16.0,41.0,0.5081411126187247
2.0,16.0,41.0,0.61917684305744
3.0,16.0,41.0,0.6214382632293081
4.0,16.0,41.0,0.5861601085481682
1.0,17.0,41.0,0.4340463458110516
2.0,17.0,41.0,0.4349376114081997
3.0,17.0,41.0,0.6381461675579321
4.0,17.0,41.0,0.4585561497326204
1.0,18.0,41.0,0.43204099821746883
2.0,18.0,41.0,0.6007130124777185
3.0,18.0,41.0,0.6581996434937613
4.0,18.0,41.0,0.569073083778966
1.0,19.0,41.0,0.5341474445952057
2.0,19.0,41.0,0.44007236544549977
3.0,19.0,41.0,0.7033016734509273
4.0,19.0,41.0,0.4726368159203981
1.0,20.0,41.0,0.5687471732247851
2.0,20.0,41.0,0.5097241067390321
3.0,20.0,41.0,0.5576662143826322
4.0,20.0,41.0,0.5490728177295341
1.0,1.0,42.0,0.5345997286295795
2.0,1.0,42.0,0.574400723654455
3.0,1.0,42.0,0.6535504296698328
4.0,1.0,42.0,0.5391225689733152
1.0,2.0,42.0,0.4097693351424695
2.0,2.0,42.0,0.6282225237449118
3.0,2.0,42.0,0.6114880144730891
4.0,2.0,42.0,0.6001809136137496
1.0,3.0,42.0,0.5657308377896612
2.0,3.0,42.0,0.6292335115864528
3.0,3.0,42.0,0.5949197860962564
4.0,3.0,42.0,0.5975935828877006
1.0,4.0,42.0,0.6078431372549019
2.0,4.0,42.0,0.6354723707664883
3.0,4.0,42.0,0.588680926916221
4.0,4.0,42.0,0.6377005347593582
1.0,5.0,42.0,0.4658525554047942
2.0,5.0,42.0,0.4568068747173225
3.0,5.0,42.0,0.6467661691542289
4.0,5.0,42.0,0.4681139755766621
1.0,6.0,42.0,0.504296698326549
2.0,6.0,42.0,0.4513794663048394
3.0,6.0,42.0,0.5866123925825417
4.0,6.0,42.0,0.5477159656264136
1.0,7.0,42.0,0.6300316598824063
2.0,7.0,42.0,0.6187245590230664
3.0,7.0,42.0,0.6123925825418363
4.0,7.0,42.0,0.5915875169606513
1.0,8.0,42.0,0.48172905525846704
2.0,8.0,42.0,0.44830659536541895
3.0,8.0,42.0,0.625668449197861
4.0,8.0,42.0,0.4389483065953655
1.0,9.0,42.0,0.6047237076648841
2.0,9.0,42.0,0.445187165775401
3.0,9.0,42.0,0.6336898395721924
4.0,9.0,42.0,0.4545454545454546
1.0,10.0,42.0,0.5655080213903743
2.0,10.0,42.0,0.5949197860962567
3.0,10.0,42.0,0.5539215686274509
4.0,10.0,42.0,0.5846702317290552
1.0,11.0,42.0,0.5450089126559714
2.0,11.0,42.0,0.6247771836007133
3.0,11.0,42.0,0.6327985739750444
4.0,11.0,42.0,0.623885918003565
1.0,12.0,42.0,0.427860696517413
2.0,12.0,42.0,0.42152872003618275
3.0,12.0,42.0,0.7259158751696067
4.0,12.0,42.0,0.41700587969244685
1.0,13.0,42.0,0.6138591800356508
2.0,13.0,42.0,0.6501782531194295
3.0,13.0,42.0,0.5940285204991089
4.0,13.0,42.0,0.6559714795008912
1.0,14.0,42.0,0.4832887700534759
2.0,14.0,42.0,0.5842245989304812
3.0,14.0,42.0,0.5672905525846701
4.0,14.0,42.0,0.57397504456328
1.0,15.0,42.0,0.5391225689733153
2.0,15.0,42.0,0.6576209859791949
3.0,15.0,42.0,0.6671189507010403
4.0,15.0,42.0,0.6422433288104932
1.0,16.0,42.0,0.5818634102216194
2.0,16.0,42.0,0.6196291270918136
3.0,16.0,42.0,0.6246042514699232
4.0,16.0,42.0,0.5920398009950248
1.0,17.0,42.0,0.6350067842605157
2.0,17.0,42.0,0.6295793758480326
3.0,17.0,42.0,0.5780189959294436
4.0,17.0,42.0,0.6350067842605156
1.0,18.0,42.0,0.5222816399286988
2.0,18.0,42.0,0.4995543672014261
3.0,18.0,42.0,0.5940285204991087
4.0,18.0,42.0,0.49242424242424243
1.0,19.0,42.0,0.5557040998217468
2.0,19.0,42.0,0.5762032085561497
3.0,19.0,42.0,0.5561497326203209
4.0,19.0,42.0,0.5762032085561497
1.0,20.0,42.0,0.478064224332881
2.0,20.0,42.0,0.5902306648575305
3.0,20.0,42.0,0.6381727725011308
4.0,20.0,42.0,0.5676164631388513
1.0,1.0,43.0,0.4165535956580733
2.0,1.0,43.0,0.603799185888738
3.0,1.0,43.0,0.6951605608322028
4.0,1.0,43.0,0.6065128900949797
1.0,2.0,43.0,0.5540479421076435
2.0,2.0,43.0,0.5332428765264586
3.0,2.0,43.0,0.6648575305291724
4.0,2.0,43.0,0.5463591135232927
1.0,3.0,43.0,0.494572591587517
2.0,3.0,43.0,0.4355495251017639
3.0,3.0,43.0,0.6268656716417911
4.0,3.0,43.0,0.5549525101763907
1.0,4.0,43.0,0.5414438502673797
2.0,4.0,43.0,0.6229946524064172
3.0,4.0,43.0,0.5450089126559715
4.0,4.0,43.0,0.6301247771836007
1.0,5.0,43.0,0.6528520499108735
2.0,5.0,43.0,0.4835115864527628
3.0,5.0,43.0,0.7188057040998214
4.0,5.0,43.0,0.49821746880570417
1.0,6.0,43.0,0.5178652193577566
2.0,6.0,43.0,0.4441429217548621
3.0,6.0,43.0,0.6585255540479422
4.0,6.0,43.0,0.5739484396200814
1.0,7.0,43.0,0.5496880570409981
2.0,7.0,43.0,0.6118538324420677
3.0,7.0,43.0,0.5512477718360069
4.0,7.0,43.0,0.6350267379679145
1.0,8.0,43.0,0.4592245989304813
2.0,8.0,43.0,0.571301247771836
3.0,8.0,43.0,0.6368092691622101
4.0,8.0,43.0,0.5565953654188946
1.0,9.0,43.0,0.5318860244233378
2.0,9.0,43.0,0.645409317051108
3.0,9.0,43.0,0.6304839439167798
4.0,9.0,43.0,0.6594301221166894
1.0,10.0,43.0,0.6526458616010854
2.0,10.0,43.0,0.6087743102668476
3.0,10.0,43.0,0.6078697421981003
4.0,10.0,43.0,0.5965626413387607
1.0,11.0,43.0,0.5061058344640434
2.0,11.0,43.0,0.6101311623699684
3.0,11.0,43.0,0.6508367254635912
4.0,11.0,43.0,0.6101311623699682
1.0,12.0,43.0,0.44719251336898397
2.0,12.0,43.0,0.6122994652406417
3.0,12.0,43.0,0.6613190730837791
4.0,12.0,43.0,0.5931372549019607
1.0,13.0,43.0,0.5129233511586453
2.0,13.0,43.0,0.4344919786096257
3.0,13.0,43.0,0.5646167557932262
4.0,13.0,43.0,0.5672905525846703
1.0,14.0,43.0,0.61284486657621
2.0,14.0,43.0,0.5169606512890094
3.0,14.0,43.0,0.6947082767978292
4.0,14.0,43.0,0.5205789235639982
1.0,15.0,43.0,0.4113523292627771
2.0,15.0,43.0,0.4124830393487109
3.0,15.0,43.0,0.6901854364540932
4.0,15.0,43.0,0.40298507462686567
1.0,16.0,43.0,0.46746880570409977
2.0,16.0,43.0,0.4888591800356506
3.0,16.0,43.0,0.5155971479500892
4.0,16.0,43.0,0.4973262032085561
1.0,17.0,43.0,0.4552238805970149
2.0,17.0,43.0,0.45228403437358666
3.0,17.0,43.0,0.5739484396200815
4.0,17.0,43.0,0.5554047942107644
1.0,18.0,43.0,0.5038444142921755
2.0,18.0,43.0,0.4405246494798734
3.0,18.0,43.0,0.6526458616010856
4.0,18.0,43.0,0.47037539574853
1.0,19.0,43.0,0.551334237901402
2.0,19.0,43.0,0.5893260967887832
3.0,19.0,43.0,0.6277702397105384
4.0,19.0,43.0,0.5933966530981456
1.0,20.0,43.0,0.6483491632745365
2.0,20.0,43.0,0.6101311623699684
3.0,20.0,43.0,0.5997286295793759
4.0,20.0,43.0,0.6322930800542741
1.0,1.0,44.0,0.5229500891265597
2.0,1.0,44.0,0.41577540106951877
3.0,1.0,44.0,0.6546345811051694
4.0,1.0,44.0,0.5895721925133689
1.0,2.0,44.0,0.5861601085481682
2.0,2.0,44.0,0.417910447761194
3.0,2.0,44.0,0.6268656716417911
4.0,2.0,44.0,0.5829941203075532
1.0,3.0,44.0,0.41157847127996383
2.0,3.0,44.0,0.43690637720488473
3.0,3.0,44.0,0.5056535504296698
4.0,3.0,44.0,0.5585707824513795
1.0,4.0,44.0,0.5169606512890096
2.0,4.0,44.0,0.4644957033016735
3.0,4.0,44.0,0.5572139303482587
4.0,4.0,44.0,0.5201266395296247
1.0,5.0,44.0,0.5679590017825311
2.0,5.0,44.0,0.5877896613190731
3.0,5.0,44.0,0.6666666666666666
4.0,5.0,44.0,0.5766488413547236
1.0,6.0,44.0,0.4908645276292335
2.0,6.0,44.0,0.605169340463458
3.0,6.0,44.0,0.6372549019607842
4.0,6.0,44.0,0.5980392156862745
1.0,7.0,44.0,0.46434937611408195
2.0,7.0,44.0,0.42379679144385024
3.0,7.0,44.0,0.6559714795008914
4.0,7.0,44.0,0.43092691622103385
1.0,8.0,44.0,0.47218453188602444
2.0,8.0,44.0,0.43645409317051104
3.0,8.0,44.0,0.7078245137946632
4.0,8.0,44.0,0.561284486657621
1.0,9.0,44.0,0.4830659536541889
2.0,9.0,44.0,0.5525846702317291
3.0,9.0,44.0,0.6065062388591799
4.0,9.0,44.0,0.5325311942959001
1.0,10.0,44.0,0.5165083672546359
2.0,10.0,44.0,0.5639981908638624
3.0,10.0,44.0,0.5694255992763456
4.0,10.0,44.0,0.5549525101763908
1.0,11.0,44.0,0.5929443690637721
2.0,11.0,44.0,0.6716417910447762
3.0,11.0,44.0,0.6354590682948893
4.0,11.0,44.0,0.6246042514699232
1.0,12.0,44.0,0.5253279059249208
2.0,12.0,44.0,0.4242424242424242
3.0,12.0,44.0,0.6449570330167346
4.0,12.0,44.0,0.5549525101763907
1.0,13.0,44.0,0.6519607843137255
2.0,13.0,44.0,0.5548128342245989
3.0,13.0,44.0,0.605169340463458
4.0,13.0,44.0,0.5668449197860962
1.0,14.0,44.0,0.5505793226381462
2.0,14.0,44.0,0.447415329768271
3.0,14.0,44.0,0.6207664884135471
4.0,14.0,44.0,0.4590017825311942
1.0,15.0,44.0,0.49660786974219806
2.0,15.0,44.0,0.6065128900949796
3.0,15.0,44.0,0.6951605608322027
4.0,15.0,44.0,0.5933966530981455
1.0,16.0,44.0,0.6368159203980099
2.0,16.0,44.0,0.6223428312980551
3.0,16.0,44.0,0.6417910447761195
4.0,16.0,44.0,0.6232473993668023
1.0,17.0,44.0,0.52962460425147
2.0,17.0,44.0,0.5988240615106287
3.0,17.0,44.0,0.6236996834011759
4.0,17.0,44.0,0.6241519674355495
1.0,18.0,44.0,0.5639483065953653
2.0,18.0,44.0,0.6350267379679146
3.0,18.0,44.0,0.5797682709447416
4.0,18.0,44.0,0.6029411764705883
1.0,19.0,44.0,0.6573083778966131
2.0,19.0,44.0,0.658199643493761
3.0,19.0,44.0,0.6430481283422461
4.0,19.0,44.0,0.6278966131907308
1.0,20.0,44.0,0.574400723654455
2.0,20.0,44.0,0.6408864767073723
3.0,20.0,44.0,0.6173677069199458
4.0,20.0,44.0,0.6300316598824062
1.0,1.0,45.0,0.5513342379014021
2.0,1.0,45.0,0.38715513342379015
3.0,1.0,45.0,0.6784260515603799
4.0,1.0,45.0,0.5943012211668928
1.0,2.0,45.0,0.44323835368611486
2.0,2.0,45.0,0.5920398009950248
3.0,2.0,45.0,0.6775214834916328
4.0,2.0,45.0,0.5671641791044776
1.0,3.0,45.0,0.6138591800356507
2.0,3.0,45.0,0.6737967914438501
3.0,3.0,45.0,0.5098039215686274
4.0,3.0,45.0,0.6720142602495542
1.0,4.0,45.0,0.5658073270013569
2.0,4.0,45.0,0.6422433288104931
3.0,4.0,45.0,0.5798281320669381
4.0,4.0,45.0,0.6173677069199458
1.0,5.0,45.0,0.5472636815920399
2.0,5.0,45.0,0.5920398009950248
3.0,5.0,45.0,0.5626413387607418
4.0,5.0,45.0,0.5816372682044325
1.0,6.0,45.0,0.5127005347593583
2.0,6.0,45.0,0.4260249554367201
3.0,6.0,45.0,0.5971479500891265
4.0,6.0,45.0,0.5494652406417113
1.0,7.0,45.0,0.4888591800356506
2.0,7.0,45.0,0.4358288770053476
3.0,7.0,45.0,0.6524064171122994
4.0,7.0,45.0,0.4576648841354724
1.0,8.0,45.0,0.4952510176390774
2.0,8.0,45.0,0.49660786974219817
3.0,8.0,45.0,0.5128900949796471
4.0,8.0,45.0,0.5083672546359115
1.0,9.0,45.0,0.44029850746268656
2.0,9.0,45.0,0.4373586612392583
3.0,9.0,45.0,0.5603799185888738
4.0,9.0,45.0,0.4305744007236543
1.0,10.0,45.0,0.4748217468805705
2.0,10.0,45.0,0.3894830659536542
3.0,10.0,45.0,0.71301247771836
4.0,10.0,45.0,0.6216577540106951
1.0,11.0,45.0,0.40886809269162216
2.0,11.0,45.0,0.43939393939393934
3.0,11.0,45.0,0.5949197860962566
4.0,11.0,45.0,0.4607843137254903
1.0,12.0,45.0,0.5793226381461675
2.0,12.0,45.0,0.6443850267379678
3.0,12.0,45.0,0.6305704099821746
4.0,12.0,45.0,0.623885918003565
1.0,13.0,45.0,0.5236185383244207
2.0,13.0,45.0,0.48707664884135476
3.0,13.0,45.0,0.5623885918003564
4.0,13.0,45.0,0.48039215686274506
1.0,14.0,45.0,0.5813279857397504
2.0,14.0,45.0,0.5681818181818182
3.0,14.0,45.0,0.5267379679144386
4.0,14.0,45.0,0.5606060606060606
1.0,15.0,45.0,0.3948439620081411
2.0,15.0,45.0,0.3952962460425147
3.0,15.0,45.0,0.6829488919041159
4.0,15.0,45.0,0.42333785617367703
1.0,16.0,45.0,0.5586007130124778
2.0,16.0,45.0,0.47682709447415333
3.0,16.0,45.0,0.6390374331550802
4.0,16.0,45.0,0.4683600713012477
1.0,17.0,45.0,0.535052012663953
2.0,17.0,45.0,0.5499773857982814
3.0,17.0,45.0,0.5748530076888285
4.0,17.0,45.0,0.5658073270013568
1.0,18.0,45.0,0.5679590017825311
2.0,18.0,45.0,0.607397504456328
3.0,18.0,45.0,0.6390374331550802
4.0,18.0,45.0,0.6189839572192514
1.0,19.0,45.0,0.4405246494798734
2.0,19.0,45.0,0.40479421076436
3.0,19.0,45.0,0.6558118498417006
4.0,19.0,45.0,0.4197195838986884
1.0,20.0,45.0,0.5162822252374492
2.0,20.0,45.0,0.6010854816824966
3.0,20.0,45.0,0.6273179556761647
4.0,20.0,45.0,0.5784712799638173
1.0,1.0,46.0,0.5499773857982814
2.0,1.0,46.0,0.6123925825418363
3.0,1.0,46.0,0.5906829488919042
4.0,1.0,46.0,0.5825418362731795
1.0,2.0,46.0,0.602894617819991
2.0,2.0,46.0,0.4369063772048846
3.0,2.0,46.0,0.7883310719131615
4.0,2.0,46.0,0.4667571234735414
1.0,3.0,46.0,0.4075311942959001
2.0,3.0,46.0,0.3582887700534759
3.0,3.0,46.0,0.5650623885918004
4.0,3.0,46.0,0.6296791443850267
1.0,4.0,46.0,0.4739936680235187
2.0,4.0,46.0,0.61284486657621
3.0,4.0,46.0,0.5630936227951153
4.0,4.0,46.0,0.6273179556761647
1.0,5.0,46.0,0.5171867933061963
2.0,5.0,46.0,0.41157847127996383
3.0,5.0,46.0,0.6702849389416554
4.0,5.0,46.0,0.603799185888738
1.0,6.0,46.0,0.5375395748530077
2.0,6.0,46.0,0.6598824061510629
3.0,6.0,46.0,0.6639529624604252
4.0,6.0,46.0,0.6603346901854366
1.0,7.0,46.0,0.5126639529624604
2.0,7.0,46.0,0.42876526458616004
3.0,7.0,46.0,0.6336499321573948
4.0,7.0,46.0,0.568973315241972
1.0,8.0,46.0,0.5897783808231569
2.0,8.0,46.0,0.4577114427860697
3.0,8.0,46.0,0.7363184079601991
4.0,8.0,46.0,0.4893713251922207
1.0,9.0,46.0,0.5212573496155585
2.0,9.0,46.0,0.5793758480325645
3.0,9.0,46.0,0.5495251017639078
4.0,9.0,46.0,0.5893260967887834
1.0,10.0,46.0,0.482587064676617
2.0,10.0,46.0,0.5400271370420624
3.0,10.0,46.0,0.5594753505201268
4.0,10.0,46.0,0.5246494798733605
1.0,11.0,46.0,0.47942107643600174
2.0,11.0,46.0,0.5617367706919947
3.0,11.0,46.0,0.6490275893260969
4.0,11.0,46.0,0.5540479421076436
1.0,12.0,46.0,0.5450022614201718
2.0,12.0,46.0,0.6033469018543645
3.0,12.0,46.0,0.6160108548168252
4.0,12.0,46.0,0.5848032564450475
1.0,13.0,46.0,0.5526910900045229
2.0,13.0,46.0,0.6132971506105833
3.0,13.0,46.0,0.6540027137042063
4.0,13.0,46.0,0.5929443690637719
1.0,14.0,46.0,0.42981283422459904
2.0,14.0,46.0,0.4131016042780749
3.0,14.0,46.0,0.6189839572192513
4.0,14.0,46.0,0.5949197860962565
1.0,15.0,46.0,0.6815920398009951
2.0,15.0,46.0,0.7010402532790593
3.0,15.0,46.0,0.5780189959294436
4.0,15.0,46.0,0.7150610583446405
1.0,16.0,46.0,0.4620081411126187
2.0,16.0,46.0,0.5943012211668928
3.0,16.0,46.0,0.6576209859791949
4.0,16.0,46.0,0.5825418362731795
1.0,17.0,46.0,0.4745989304812834
2.0,17.0,46.0,0.4442959001782531
3.0,17.0,46.0,0.5708556149732619
4.0,17.0,46.0,0.4442959001782532
1.0,18.0,46.0,0.4402852049910875
2.0,18.0,46.0,0.6221033868092694
3.0,18.0,46.0,0.7370766488413548
4.0,18.0,46.0,0.6301247771836006
1.0,19.0,46.0,0.5536987522281641
2.0,19.0,46.0,0.4224598930481284
3.0,19.0,46.0,0.7098930481283422
4.0,19.0,46.0,0.43404634581105167
1.0,20.0,46.0,0.5554812834224598
2.0,20.0,46.0,0.5646167557932263
3.0,20.0,46.0,0.5583778966131907
4.0,20.0,46.0,0.5454545454545454
1.0,1.0,47.0,0.6250565355042967
2.0,1.0,47.0,0.6766169154228858
3.0,1.0,47.0,0.5404794210764361
4.0,1.0,47.0,0.6549072817729533
1.0,2.0,47.0,0.5696517412935324
2.0,2.0,47.0,0.5974672094075077
3.0,2.0,47.0,0.6291270918136591
4.0,2.0,47.0,0.5807327001356852
1.0,3.0,47.0,0.48507462686567165
2.0,3.0,47.0,0.5843509724106739
3.0,3.0,47.0,0.5811849841700589
4.0,3.0,47.0,0.5848032564450475
1.0,4.0,47.0,0.6000445632798576
2.0,4.0,47.0,0.6363636363636365
3.0,4.0,47.0,0.5918003565062387
4.0,4.0,47.0,0.6461675579322639
1.0,5.0,47.0,0.5601537765716871
2.0,5.0,47.0,0.5811849841700588
3.0,5.0,47.0,0.6065128900949797
4.0,5.0,47.0,0.5771144278606966
1.0,6.0,47.0,0.5494652406417112
2.0,6.0,47.0,0.56951871657754
3.0,6.0,47.0,0.5508021390374331
4.0,6.0,47.0,0.5637254901960784
1.0,7.0,47.0,0.4315953654188948
2.0,7.0,47.0,0.4273618538324422
3.0,7.0,47.0,0.551693404634581
4.0,7.0,47.0,0.42156862745098045
1.0,8.0,47.0,0.49932157394843957
2.0,8.0,47.0,0.5893260967887832
3.0,8.0,47.0,0.6748077792853914
4.0,8.0,47.0,0.5649027589326095
1.0,9.0,47.0,0.6101311623699684
2.0,9.0,47.0,0.6341022161917684
3.0,9.0,47.0,0.6065128900949797
4.0,9.0,47.0,0.6390773405698779
1.0,10.0,47.0,0.5456806874717322
2.0,10.0,47.0,0.5522388059701492
3.0,10.0,47.0,0.5517865219357756
4.0,10.0,47.0,0.5662596110357305
1.0,11.0,47.0,0.550802139037433
2.0,11.0,47.0,0.6417112299465242
3.0,11.0,47.0,0.5677361853832442
4.0,11.0,47.0,0.6461675579322638
1.0,12.0,47.0,0.5701040253279059
2.0,12.0,47.0,0.610583446404342
3.0,12.0,47.0,0.6304839439167799
4.0,12.0,47.0,0.6164631388511986
1.0,13.0,47.0,0.5404794210764361
2.0,13.0,47.0,0.5857078245137947
3.0,13.0,47.0,0.5477159656264133
4.0,13.0,47.0,0.5594753505201266
1.0,14.0,47.0,0.5398009950248757
2.0,14.0,47.0,0.4599728629579375
3.0,14.0,47.0,0.6155585707824515
4.0,14.0,47.0,0.4608774310266847
1.0,15.0,47.0,0.5953654188948307
2.0,15.0,47.0,0.6564171122994651
3.0,15.0,47.0,0.6733511586452763
4.0,15.0,47.0,0.6421568627450981
1.0,16.0,47.0,0.4932157394843961
2.0,16.0,47.0,0.42062415196743547
3.0,16.0,47.0,0.7634554500226144
4.0,16.0,47.0,0.4183627317955676
1.0,17.0,47.0,0.6024423337856175
2.0,17.0,47.0,0.6123925825418363
3.0,17.0,47.0,0.6824966078697423
4.0,17.0,47.0,0.6209859791949344
1.0,18.0,47.0,0.5909090909090909
2.0,18.0,47.0,0.5659536541889483
3.0,18.0,47.0,0.5597147950089126
4.0,18.0,47.0,0.5762032085561498
1.0,19.0,47.0,0.4924242424242423
2.0,19.0,47.0,0.5824420677361855
3.0,19.0,47.0,0.6011586452762924
4.0,19.0,47.0,0.5802139037433155
1.0,20.0,47.0,0.6058377896613191
2.0,20.0,47.0,0.5472370766488411
3.0,20.0,47.0,0.5623885918003565
4.0,20.0,47.0,0.5463458110516933
1.0,1.0,48.0,0.480325644504749
2.0,1.0,48.0,0.3753957485300769
3.0,1.0,48.0,0.6530981456354591
4.0,1.0,48.0,0.6092265943012213
1.0,2.0,48.0,0.5707824513794663
2.0,2.0,48.0,0.6065128900949798
3.0,2.0,48.0,0.5639981908638626
4.0,2.0,48.0,0.5961103573043873
1.0,3.0,48.0,0.5610583446404342
2.0,3.0,48.0,0.6096788783355949
3.0,3.0,48.0,0.5784712799638174
4.0,3.0,48.0,0.602894617819991
1.0,4.0,48.0,0.5649027589326097
2.0,4.0,48.0,0.5906829488919041
3.0,4.0,48.0,0.4667571234735414
4.0,4.0,48.0,0.5811849841700588
1.0,5.0,48.0,0.5476827094474154
2.0,5.0,48.0,0.6078431372549018
3.0,5.0,48.0,0.622549019607843
4.0,5.0,48.0,0.5949197860962567
1.0,6.0,48.0,0.5610583446404341
2.0,6.0,48.0,0.6123925825418363
3.0,6.0,48.0,0.5884215287200363
4.0,6.0,48.0,0.5825418362731796
1.0,7.0,48.0,0.5909090909090908
2.0,7.0,48.0,0.6657620985979195
3.0,7.0,48.0,0.6033469018543646
4.0,7.0,48.0,0.6544549977385797
1.0,8.0,48.0,0.4945725915875171
2.0,8.0,48.0,0.5685210312075983
3.0,8.0,48.0,0.6191768430574401
4.0,8.0,48.0,0.5508819538670285
1.0,9.0,48.0,0.5079149706015378
2.0,9.0,48.0,0.4540931705110808
3.0,9.0,48.0,0.6544549977385797
4.0,9.0,48.0,0.49118046132971505
1.0,10.0,48.0,0.5715240641711231
2.0,10.0,48.0,0.5949197860962567
3.0,10.0,48.0,0.6310160427807487
4.0,10.0,48.0,0.5757575757575757
1.0,11.0,48.0,0.5675133689839572
2.0,11.0,48.0,0.6252228163992868
3.0,11.0,48.0,0.552584670231729
4.0,11.0,48.0,0.6109625668449198
1.0,12.0,48.0,0.5102495543672015
2.0,12.0,48.0,0.5926916221033869
3.0,12.0,48.0,0.6524064171122995
4.0,12.0,48.0,0.5637254901960783
1.0,13.0,48.0,0.4663048394391678
2.0,13.0,48.0,0.561284486657621
3.0,13.0,48.0,0.6132971506105835
4.0,13.0,48.0,0.5545002261420171
1.0,14.0,48.0,0.5056535504296698
2.0,14.0,48.0,0.5585707824513795
3.0,14.0,48.0,0.5626413387607418
4.0,14.0,48.0,0.5468113975576663
1.0,15.0,48.0,0.550203527815468
2.0,15.0,48.0,0.4988692899140659
3.0,15.0,48.0,0.6770691994572592
4.0,15.0,48.0,0.5355042966983266
1.0,16.0,48.0,0.4954771596562641
2.0,16.0,48.0,0.4355495251017639
3.0,16.0,48.0,0.6178199909543193
4.0,16.0,48.0,0.559023066485753
1.0,17.0,48.0,0.5240641711229946
2.0,17.0,48.0,0.5851158645276292
3.0,17.0,48.0,0.5686274509803921
4.0,17.0,48.0,0.5726381461675578
1.0,18.0,48.0,0.6343283582089552
2.0,18.0,48.0,0.5662596110357304
3.0,18.0,48.0,0.5947535052012664
4.0,18.0,48.0,0.5906829488919041
1.0,19.0,48.0,0.4313725490196078
2.0,19.0,48.0,0.3863636363636364
3.0,19.0,48.0,0.7330659536541887
4.0,19.0,48.0,0.6033868092691623
1.0,20.0,48.0,0.627005347593583
2.0,20.0,48.0,0.6871657754010695
3.0,20.0,48.0,0.6310160427807489
4.0,20.0,48.0,0.6671122994652403
1.0,1.0,49.0,0.48846675712347354
2.0,1.0,49.0,0.47082767978290374
3.0,1.0,49.0,0.6137494346449571
4.0,1.0,49.0,0.5264586160108548
1.0,2.0,49.0,0.4353233830845771
2.0,2.0,49.0,0.43554952510176387
3.0,2.0,49.0,0.5649027589326097
4.0,2.0,49.0,0.4513794663048393
1.0,3.0,49.0,0.5576662143826323
2.0,3.0,49.0,0.6060606060606061
3.0,3.0,49.0,0.6558118498417007
4.0,3.0,49.0,0.5884215287200362
1.0,4.0,49.0,0.5249554367201426
2.0,4.0,49.0,0.5637254901960784
3.0,4.0,49.0,0.5762032085561496
4.0,4.0,49.0,0.5672905525846701
1.0,5.0,49.0,0.5877896613190733
2.0,5.0,49.0,0.6613190730837791
3.0,5.0,49.0,0.6448306595365417
4.0,5.0,49.0,0.6555258467023174
1.0,6.0,49.0,0.5307486631016042
2.0,6.0,49.0,0.569073083778966
3.0,6.0,49.0,0.5926916221033868
4.0,6.0,49.0,0.536096256684492
1.0,7.0,49.0,0.5606060606060607
2.0,7.0,49.0,0.5886809269162211
3.0,7.0,49.0,0.5730837789661318
4.0,7.0,49.0,0.572638146167558
1.0,8.0,49.0,0.3663101604278075
2.0,8.0,49.0,0.657754010695187
3.0,8.0,49.0,0.5811051693404635
4.0,8.0,49.0,0.6532976827094474
1.0,9.0,49.0,0.6040253279059249
2.0,9.0,49.0,0.6793306196291272
3.0,9.0,49.0,0.652193577566712
4.0,9.0,49.0,0.6734509271822707
1.0,10.0,49.0,0.5697415329768271
2.0,10.0,49.0,0.6381461675579323
3.0,10.0,49.0,0.572192513368984
4.0,10.0,49.0,0.6359180035650625
1.0,11.0,49.0,0.45002261420171874
2.0,11.0,49.0,0.4418815015829941
3.0,11.0,49.0,0.6377204884667571
4.0,11.0,49.0,0.440976933514247
1.0,12.0,49.0,0.47905525846702324
2.0,12.0,49.0,0.5084670231729055
3.0,12.0,49.0,0.5784313725490197
4.0,12.0,49.0,0.5374331550802138
1.0,13.0,49.0,0.6338760741745818
2.0,13.0,49.0,0.644504748982361
3.0,13.0,49.0,0.5418362731795567
4.0,13.0,49.0,0.6540027137042063
1.0,14.0,49.0,0.6020499108734402
2.0,14.0,49.0,0.6385918003565062
3.0,14.0,49.0,0.6024955436720142
4.0,14.0,49.0,0.657308377896613
1.0,15.0,49.0,0.5846702317290552
2.0,15.0,49.0,0.643048128342246
3.0,15.0,49.0,0.5949197860962566
4.0,15.0,49.0,0.6479500891265598
1.0,16.0,49.0,0.5811849841700589
2.0,16.0,49.0,0.6024423337856175
3.0,16.0,49.0,0.6092265943012212
4.0,16.0,49.0,0.584350972410674
1.0,17.0,49.0,0.5129233511586452
2.0,17.0,49.0,0.5726381461675579
3.0,17.0,49.0,0.5797682709447415
4.0,17.0,49.0,0.5766488413547236
1.0,18.0,49.0,0.5160560832202623
2.0,18.0,49.0,0.5115332428765265
3.0,18.0,49.0,0.5649027589326098
4.0,18.0,49.0,0.4789687924016282
1.0,19.0,49.0,0.48997326203208563
2.0,19.0,49.0,0.427807486631016
3.0,19.0,49.0,0.6515151515151515
4.0,19.0,49.0,0.5681818181818181
1.0,20.0,49.0,0.5927182270465852
2.0,20.0,49.0,0.5902306648575306
3.0,20.0,49.0,0.5938489371325193
4.0,20.0,49.0,0.59520578923564
1.0,1.0,50.0,0.6089572192513368
2.0,1.0,50.0,0.568627450980392
3.0,1.0,50.0,0.7660427807486629
4.0,1.0,50.0,0.5851158645276293
1.0,2.0,50.0,0.5877431026684758
2.0,2.0,50.0,0.6775214834916329
3.0,2.0,50.0,0.5042966983265491
4.0,2.0,50.0,0.6657620985979196
1.0,3.0,50.0,0.506558118498417
2.0,3.0,50.0,0.45861601085481674
3.0,3.0,50.0,0.6241519674355497
4.0,3.0,50.0,0.4590682948891903
1.0,4.0,50.0,0.45788770053475936
2.0,4.0,50.0,0.40953654188948313
3.0,4.0,50.0,0.5998217468805704
4.0,4.0,50.0,0.5846702317290554
1.0,5.0,50.0,0.5704099821746881
2.0,5.0,50.0,0.5084670231729056
3.0,5.0,50.0,0.6145276292335115
4.0,5.0,50.0,0.5138146167557931
1.0,6.0,50.0,0.5707824513794664
2.0,6.0,50.0,0.6300316598824062
3.0,6.0,50.0,0.6255088195386703
4.0,6.0,50.0,0.6350067842605156
1.0,7.0,50.0,0.5027137042062415
2.0,7.0,50.0,0.43600180913613745
3.0,7.0,50.0,0.6856625961103573
4.0,7.0,50.0,0.45002261420171863
1.0,8.0,50.0,0.4789687924016282
2.0,8.0,50.0,0.4323835368611488
3.0,8.0,50.0,0.5924920850293985
4.0,8.0,50.0,0.5694255992763455
1.0,9.0,50.0,0.46011586452762926
2.0,9.0,50.0,0.4304812834224599
3.0,9.0,50.0,0.6942959001782533
4.0,9.0,50.0,0.427361853832442
1.0,10.0,50.0,0.5083672546359113
2.0,10.0,50.0,0.517412935323383
3.0,10.0,50.0,0.5463591135232927
4.0,10.0,50.0,0.5174129353233832
1.0,11.0,50.0,0.36519607843137253
2.0,11.0,50.0,0.30436720142602497
3.0,11.0,50.0,0.7147950089126558
4.0,11.0,50.0,0.6898395721925132
1.0,12.0,50.0,0.45276292335115864
2.0,12.0,50.0,0.5490196078431372
3.0,12.0,50.0,0.5753119429590018
4.0,12.0,50.0,0.5436720142602495
1.0,13.0,50.0,0.5601604278074868
2.0,13.0,50.0,0.4839572192513369
3.0,13.0,50.0,0.5614973262032086
4.0,13.0,50.0,0.49598930481283426
1.0,14.0,50.0,0.5109180035650625
2.0,14.0,50.0,0.41755793226381466
3.0,14.0,50.0,0.6448306595365418
4.0,14.0,50.0,0.5766488413547237
1.0,15.0,50.0,0.45861601085481685
2.0,15.0,50.0,0.41791044776119407
3.0,15.0,50.0,0.6264133876074175
4.0,15.0,50.0,0.5825418362731797
1.0,16.0,50.0,0.4889190411578471
2.0,16.0,50.0,0.4373586612392582
3.0,16.0,50.0,0.6259611035730439
4.0,16.0,50.0,0.5644504748982361
1.0,17.0,50.0,0.5122116689280868
2.0,17.0,50.0,0.4871099050203528
3.0,17.0,50.0,0.6734509271822705
4.0,17.0,50.0,0.5015829941203075
1.0,18.0,50.0,0.5909090909090908
2.0,18.0,50.0,0.6212121212121213
3.0,18.0,50.0,0.5650623885918004
4.0,18.0,50.0,0.588680926916221
1.0,19.0,50.0,0.7021709633649934
2.0,19.0,50.0,0.7001356852103123
3.0,19.0,50.0,0.6883763003165989
4.0,19.0,50.0,0.6824966078697424
1.0,20.0,50.0,0.5229500891265597
2.0,20.0,50.0,0.37076648841354726
3.0,20.0,50.0,0.6947415329768272
4.0,20.0,50.0,0.6194295900178252
1.0,1.0,51.0,0.49163274536408863
2.0,1.0,51.0,0.4418815015829941
3.0,1.0,51.0,0.5771144278606966
4.0,1.0,51.0,0.5685210312075983
1.0,2.0,51.0,0.4991087344028521
2.0,2.0,51.0,0.5521390374331551
3.0,2.0,51.0,0.5860071301247771
4.0,2.0,51.0,0.5409982174688056
1.0,3.0,51.0,0.5890999547715966
2.0,3.0,51.0,0.5965626413387607
3.0,3.0,51.0,0.5924920850293984
4.0,3.0,51.0,0.5825418362731796
1.0,4.0,51.0,0.5113636363636364
2.0,4.0,51.0,0.4148841354723707
3.0,4.0,51.0,0.642156862745098
4.0,4.0,51.0,0.5641711229946523
1.0,5.0,51.0,0.45137946630483944
2.0,5.0,51.0,0.4504748982360923
3.0,5.0,51.0,0.5766621438263231
4.0,5.0,51.0,0.47851650836725473
1.0,6.0,51.0,0.5296246042514698
2.0,6.0,51.0,0.4880144730891
3.0,6.0,51.0,0.6467661691542289
4.0,6.0,51.0,0.5192220714608774
1.0,7.0,51.0,0.5981456354590682
2.0,7.0,51.0,0.44504748982360914
3.0,7.0,51.0,0.6883763003165988
4.0,7.0,51.0,0.45499773857982817
1.0,8.0,51.0,0.4886928991406604
2.0,8.0,51.0,0.5581184984170059
3.0,8.0,51.0,0.6042514699231119
4.0,8.0,51.0,0.5382180009045682
1.0,9.0,51.0,0.5540479421076436
2.0,9.0,51.0,0.6879240162822253
3.0,9.0,51.0,0.6404341926729987
4.0,9.0,51.0,0.6725463591135233
1.0,10.0,51.0,0.5079149706015377
2.0,10.0,51.0,0.37403889642695604
3.0,10.0,51.0,0.6897331524197196
4.0,10.0,51.0,0.5879692446856626
1.0,11.0,51.0,0.5440976933514247
2.0,11.0,51.0,0.4848484848484848
3.0,11.0,51.0,0.6698326549072819
4.0,11.0,51.0,0.4916327453640887
1.0,12.0,51.0,0.49706015377657164
2.0,12.0,51.0,0.5938489371325193
3.0,12.0,51.0,0.6178199909543195
4.0,12.0,51.0,0.5658073270013569
1.0,13.0,51.0,0.6174242424242423
2.0,13.0,51.0,0.6180926916221036
3.0,13.0,51.0,0.5414438502673796
4.0,13.0,51.0,0.6042780748663102
1.0,14.0,51.0,0.4798733604703754
2.0,14.0,51.0,0.43464495703301675
3.0,14.0,51.0,0.7042062415196745
4.0,14.0,51.0,0.4373586612392582
1.0,15.0,51.0,0.5707824513794664
2.0,15.0,51.0,0.6101311623699684
3.0,15.0,51.0,0.592944369063772
4.0,15.0,51.0,0.6051560379918589
1.0,16.0,51.0,0.4881907308377897
2.0,16.0,51.0,0.4068627450980393
3.0,16.0,51.0,0.694741532976827
4.0,16.0,51.0,0.5895721925133689
1.0,17.0,51.0,0.5909090909090908
2.0,17.0,51.0,0.6381461675579322
3.0,17.0,51.0,0.7192513368983956
4.0,17.0,51.0,0.621212121212121
1.0,18.0,51.0,0.60719131614654
2.0,18.0,51.0,0.6246042514699232
3.0,18.0,51.0,0.6359113523292628
4.0,18.0,51.0,0.6372682044323835
1.0,19.0,51.0,0.5383244206773617
2.0,19.0,51.0,0.4353832442067737
3.0,19.0,51.0,0.5681818181818182
4.0,19.0,51.0,0.5512477718360073
1.0,20.0,51.0,0.48462234283129807
2.0,20.0,51.0,0.45906829488919054
3.0,20.0,51.0,0.6318407960199005
4.0,20.0,51.0,0.4681139755766621
1.0,1.0,52.0,0.5811849841700588
2.0,1.0,52.0,0.5961103573043871
3.0,1.0,52.0,0.5526910900045229
4.0,1.0,52.0,0.5852555404794211
1.0,2.0,52.0,0.5229500891265597
2.0,2.0,52.0,0.45989304812834225
3.0,2.0,52.0,0.6212121212121212
4.0,2.0,52.0,0.5588235294117647
1.0,3.0,52.0,0.5677361853832442
2.0,3.0,52.0,0.6238859180035652
3.0,3.0,52.0,0.5539215686274509
4.0,3.0,52.0,0.6145276292335117
1.0,4.0,52.0,0.5237449118046134
2.0,4.0,52.0,0.4423337856173678
3.0,4.0,52.0,0.6928991406603348
4.0,4.0,52.0,0.4581637268204433
1.0,5.0,52.0,0.5508021390374332
2.0,5.0,52.0,0.42290552584670227
3.0,5.0,52.0,0.6929590017825312
4.0,5.0,52.0,0.586452762923351
1.0,6.0,52.0,0.6238859180035649
2.0,6.0,52.0,0.6283422459893048
3.0,6.0,52.0,0.5423351158645278
4.0,6.0,52.0,0.6163101604278075
1.0,7.0,52.0,0.46856625961103565
2.0,7.0,52.0,0.44188150158299405
3.0,7.0,52.0,0.6440524649479874
4.0,7.0,52.0,0.461781999095432
1.0,8.0,52.0,0.5017825311942959
2.0,8.0,52.0,0.6105169340463459
3.0,8.0,52.0,0.6528520499108733
4.0,8.0,52.0,0.5958110516934046
1.0,9.0,52.0,0.5960338680926915
2.0,9.0,52.0,0.6528520499108735
3.0,9.0,52.0,0.6203208556149731
4.0,9.0,52.0,0.6604278074866308
1.0,10.0,52.0,0.495703301673451
2.0,10.0,52.0,0.5757575757575758
3.0,10.0,52.0,0.5522388059701493
4.0,10.0,52.0,0.5662596110357304
1.0,11.0,52.0,0.45228403437358655
2.0,11.0,52.0,0.393939393939394
3.0,11.0,52.0,0.6436001809136139
4.0,11.0,52.0,0.5965626413387609
1.0,12.0,52.0,0.41622103386809267
2.0,12.0,52.0,0.41889483065953664
3.0,12.0,52.0,0.6595365418894831
4.0,12.0,52.0,0.4211229946524064
1.0,13.0,52.0,0.5340909090909092
2.0,13.0,52.0,0.6082887700534758
3.0,13.0,52.0,0.6292335115864527
4.0,13.0,52.0,0.5855614973262031
1.0,14.0,52.0,0.4511533242876527
2.0,14.0,52.0,0.4938941655359567
3.0,14.0,52.0,0.527363184079602
4.0,14.0,52.0,0.4798733604703754
1.0,15.0,52.0,0.6786521935775668
2.0,15.0,52.0,0.6947082767978291
3.0,15.0,52.0,0.5861601085481684
4.0,15.0,52.0,0.6865671641791046
1.0,16.0,52.0,0.4601158645276293
2.0,16.0,52.0,0.6122994652406418
3.0,16.0,52.0,0.6764705882352942
4.0,16.0,52.0,0.5944741532976827
1.0,17.0,52.0,0.4816824966078697
2.0,17.0,52.0,0.5893260967887833
3.0,17.0,52.0,0.665309814563546
4.0,17.0,52.0,0.5685210312075984
1.0,18.0,52.0,0.44323835368611486
2.0,18.0,52.0,0.5052012663952961
3.0,18.0,52.0,0.5861601085481682
4.0,18.0,52.0,0.5002261420171867
1.0,19.0,52.0,0.4777183600713013
2.0,19.0,52.0,0.5254010695187166
3.0,19.0,52.0,0.5369875222816399
4.0,19.0,52.0,0.5516934046345812
1.0,20.0,52.0,0.620307553143374
2.0,20.0,52.0,0.6517412935323385
3.0,20.0,52.0,0.6083220262324741
4.0,20.0,52.0,0.6458616010854819
1.0,1.0,53.0,0.5133689839572192
2.0,1.0,53.0,0.44696969696969696
3.0,1.0,53.0,0.7272727272727271
4.0,1.0,53.0,0.46479500891265607
1.0,2.0,53.0,0.5323383084577114
2.0,2.0,53.0,0.5838986883763002
3.0,2.0,53.0,0.6458616010854817
4.0,2.0,53.0,0.5716870194482134
1.0,3.0,53.0,0.607397504456328
2.0,3.0,53.0,0.4781639928698751
3.0,3.0,53.0,0.6296791443850266
4.0,3.0,53.0,0.4861853832442068
1.0,4.0,53.0,0.4946524064171123
2.0,4.0,53.0,0.4336007130124777
3.0,4.0,53.0,0.625222816399287
4.0,4.0,53.0,0.5650623885918002
1.0,5.0,53.0,0.6107397504456327
2.0,5.0,53.0,0.5953654188948305
3.0,5.0,53.0,0.5423351158645277
4.0,5.0,53.0,0.5922459893048128
1.0,6.0,53.0,0.597467209407508
2.0,6.0,53.0,0.4699231117141564
3.0,6.0,53.0,0.7082767978290369
4.0,6.0,53.0,0.501130710085934
1.0,7.0,53.0,0.6019900497512438
2.0,7.0,53.0,0.6906377204884669
3.0,7.0,53.0,0.5468113975576663
4.0,7.0,53.0,0.6834011759384895
1.0,8.0,53.0,0.6336499321573951
2.0,8.0,53.0,0.6264133876074175
3.0,8.0,53.0,0.5047489823609228
4.0,8.0,53.0,0.6151062867480779
1.0,9.0,53.0,0.62277183600713
2.0,9.0,53.0,0.6519607843137255
3.0,9.0,53.0,0.5285204991087343
4.0,9.0,53.0,0.6261140819964348
1.0,10.0,53.0,0.45635459068294887
2.0,10.0,53.0,0.3726820443238354
3.0,10.0,53.0,0.6843057440072365
4.0,10.0,53.0,0.6151062867480778
1.0,11.0,53.0,0.5755347593582887
2.0,11.0,53.0,0.6403743315508023
3.0,11.0,53.0,0.6559714795008912
4.0,11.0,53.0,0.6167557932263815
1.0,12.0,53.0,0.5225044563279858
2.0,12.0,53.0,0.591800356506239
3.0,12.0,53.0,0.5588235294117647
4.0,12.0,53.0,0.6096256684491977
1.0,13.0,53.0,0.6377204884667572
2.0,13.0,53.0,0.6888285843509724
3.0,13.0,53.0,0.6852103120759838
4.0,13.0,53.0,0.6698326549072817
1.0,14.0,53.0,0.4755766621438263
2.0,14.0,53.0,0.414744459520579
3.0,14.0,53.0,0.6671189507010403
4.0,14.0,53.0,0.5852555404794212
1.0,15.0,53.0,0.5956580732700135
2.0,15.0,53.0,0.6508367254635913
3.0,15.0,53.0,0.6888285843509725
4.0,15.0,53.0,0.6458616010854817
1.0,16.0,53.0,0.486883763003166
2.0,16.0,53.0,0.5816372682044324
3.0,16.0,53.0,0.6585255540479421
4.0,16.0,53.0,0.5775667118950701
1.0,17.0,53.0,0.46132971506105835
2.0,17.0,53.0,0.639077340569878
3.0,17.0,53.0,0.6797829036635009
4.0,17.0,53.0,0.6087743102668478
1.0,18.0,53.0,0.5512477718360071
2.0,18.0,53.0,0.42557932263814613
3.0,18.0,53.0,0.6666666666666665
4.0,18.0,53.0,0.5530303030303031
1.0,19.0,53.0,0.5707824513794663
2.0,19.0,53.0,0.6114880144730892
3.0,19.0,53.0,0.5952057892356399
4.0,19.0,53.0,0.592039800995025
1.0,20.0,53.0,0.6305704099821746
2.0,20.0,53.0,0.6127450980392156
3.0,20.0,53.0,0.5641711229946523
4.0,20.0,53.0,0.6180926916221033
1.0,1.0,54.0,0.47173224785165085
2.0,1.0,54.0,0.621438263229308
3.0,1.0,54.0,0.6295793758480327
4.0,1.0,54.0,0.6264133876074174
1.0,2.0,54.0,0.5615106286748077
2.0,2.0,54.0,0.5970149253731344
3.0,2.0,54.0,0.7277250113071009
4.0,2.0,54.0,0.5884215287200363
1.0,3.0,54.0,0.45187165775401067
2.0,3.0,54.0,0.47192513368983957
3.0,3.0,54.0,0.643048128342246
4.0,3.0,54.0,0.48484848484848475
1.0,4.0,54.0,0.49570330167345095
2.0,4.0,54.0,0.4721845318860244
3.0,4.0,54.0,0.6644052464947987
4.0,4.0,54.0,0.4654002713704206
1.0,5.0,54.0,0.4902758932609679
2.0,5.0,54.0,0.590682948891904
3.0,5.0,54.0,0.644504748982361
4.0,5.0,54.0,0.585255540479421
1.0,6.0,54.0,0.5784313725490196
2.0,6.0,54.0,0.6229946524064169
3.0,6.0,54.0,0.6082887700534759
4.0,6.0,54.0,0.5980392156862744
1.0,7.0,54.0,0.5572139303482586
2.0,7.0,54.0,0.5214834916327454
3.0,7.0,54.0,0.49027589326096793
4.0,7.0,54.0,0.5296246042514701
1.0,8.0,54.0,0.553475935828877
2.0,8.0,54.0,0.4598930481283423
3.0,8.0,54.0,0.6711229946524063
4.0,8.0,54.0,0.4808377896613191
1.0,9.0,54.0,0.4995477159656266
2.0,9.0,54.0,0.4319312528267753
3.0,9.0,54.0,0.618272274988693
4.0,9.0,54.0,0.5594753505201266
1.0,10.0,54.0,0.45699643493761144
2.0,10.0,54.0,0.4264705882352941
3.0,10.0,54.0,0.5138146167557933
4.0,10.0,54.0,0.5614973262032087
1.0,11.0,54.0,0.45861601085481674
2.0,11.0,54.0,0.3948439620081412
3.0,11.0,54.0,0.7263681592039802
4.0,11.0,54.0,0.431026684758028
1.0,12.0,54.0,0.4816824966078697
2.0,12.0,54.0,0.41791044776119396
3.0,12.0,54.0,0.6951605608322027
4.0,12.0,54.0,0.5861601085481682
1.0,13.0,54.0,0.47214795008912663
2.0,13.0,54.0,0.5708556149732619
3.0,13.0,54.0,0.6488413547237077
4.0,13.0,54.0,0.5686274509803921
1.0,14.0,54.0,0.6178199909543194
2.0,14.0,54.0,0.6331976481230213
3.0,14.0,54.0,0.6218905472636815
4.0,14.0,54.0,0.6264133876074175
1.0,15.0,54.0,0.5269109000452283
2.0,15.0,54.0,0.45635459068294887
3.0,15.0,54.0,0.6250565355042967
4.0,15.0,54.0,0.45861601085481685
1.0,16.0,54.0,0.6508467023172907
2.0,16.0,54.0,0.6265597147950088
3.0,16.0,54.0,0.690730837789661
4.0,16.0,54.0,0.6185383244206775
1.0,17.0,54.0,0.47771836007130125
2.0,17.0,54.0,0.6212121212121213
3.0,17.0,54.0,0.625222816399287
4.0,17.0,54.0,0.6016042780748663
1.0,18.0,54.0,0.5750791497060154
2.0,18.0,54.0,0.49072817729534146
3.0,18.0,54.0,0.5943012211668929
4.0,18.0,54.0,0.49977385798281315
1.0,19.0,54.0,0.552584670231729
2.0,19.0,54.0,0.606060606060606
3.0,19.0,54.0,0.45320855614973266
4.0,19.0,54.0,0.6033868092691621
1.0,20.0,54.0,0.49638172772501127
2.0,20.0,54.0,0.4970601537765716
3.0,20.0,54.0,0.6517412935323385
4.0,20.0,54.0,0.5029398462234281
1.0,1.0,55.0,0.5707824513794664
2.0,1.0,55.0,0.41745816372682054
3.0,1.0,55.0,0.5572139303482588
4.0,1.0,55.0,0.5725915875169607
1.0,2.0,55.0,0.5514705882352942
2.0,2.0,55.0,0.4349376114081997
3.0,2.0,55.0,0.6880570409982173
4.0,2.0,55.0,0.5614973262032087
1.0,3.0,55.0,0.4937611408199643
2.0,3.0,55.0,0.4090909090909091
3.0,3.0,55.0,0.6893939393939393
4.0,3.0,55.0,0.591800356506239
1.0,4.0,55.0,0.5585707824513794
2.0,4.0,55.0,0.6490275893260968
3.0,4.0,55.0,0.5680687471732249
4.0,4.0,55.0,0.65445499773858
1.0,5.0,55.0,0.433288104929896
2.0,5.0,55.0,0.32971506105834464
3.0,5.0,55.0,0.6526458616010856
4.0,5.0,55.0,0.657620985979195
1.0,6.0,55.0,0.5434491978609626
2.0,6.0,55.0,0.5490196078431372
3.0,6.0,55.0,0.6203208556149734
4.0,6.0,55.0,0.5329768270944741
1.0,7.0,55.0,0.4751243781094526
2.0,7.0,55.0,0.5771144278606964
3.0,7.0,55.0,0.6151062867480778
4.0,7.0,55.0,0.5906829488919041
1.0,8.0,55.0,0.5891265597147949
2.0,8.0,55.0,0.6033868092691623
3.0,8.0,55.0,0.6426024955436718
4.0,8.0,55.0,0.5918003565062389
1.0,9.0,55.0,0.4857530529172321
2.0,9.0,55.0,0.449570330167345
3.0,9.0,55.0,0.5970149253731344
4.0,9.0,55.0,0.49525101763907736
1.0,10.0,55.0,0.4570330167345093
2.0,10.0,55.0,0.4667571234735415
3.0,10.0,55.0,0.613749434644957
4.0,10.0,55.0,0.4889190411578472
1.0,11.0,55.0,0.5038444142921754
2.0,11.0,55.0,0.46766169154228865
3.0,11.0,55.0,0.6037991858887382
4.0,11.0,55.0,0.48710990502035284
1.0,12.0,55.0,0.4857397504456328
2.0,12.0,55.0,0.4679144385026738
3.0,12.0,55.0,0.5967023172905526
4.0,12.0,55.0,0.5401069518716578
1.0,13.0,55.0,0.4581105169340463
2.0,13.0,55.0,0.45053475935828874
3.0,13.0,55.0,0.6305704099821747
4.0,13.0,55.0,0.4460784313725491
1.0,14.0,55.0,0.5893260967887833
2.0,14.0,55.0,0.6092265943012212
3.0,14.0,55.0,0.5911352329262778
4.0,14.0,55.0,0.6110357304387155
1.0,15.0,55.0,0.3705436720142603
2.0,15.0,55.0,0.6697860962566846
3.0,15.0,55.0,0.6858288770053477
4.0,15.0,55.0,0.6720142602495546
1.0,16.0,55.0,0.5294117647058824
2.0,16.0,55.0,0.6065062388591799
3.0,16.0,55.0,0.6140819964349375
4.0,16.0,55.0,0.6011586452762923
1.0,17.0,55.0,0.535427807486631
2.0,17.0,55.0,0.659536541889483
3.0,17.0,55.0,0.6238859180035651
4.0,17.0,55.0,0.6702317290552582
1.0,18.0,55.0,0.5395748530076889
2.0,18.0,55.0,0.6146540027137042
3.0,18.0,55.0,0.6644052464947988
4.0,18.0,55.0,0.59520578923564
1.0,19.0,55.0,0.6436001809136139
2.0,19.0,55.0,0.7028493894165536
3.0,19.0,55.0,0.6752600633197648
4.0,19.0,55.0,0.6969696969696972
1.0,20.0,55.0,0.42803030303030304
2.0,20.0,55.0,0.4393939393939394
3.0,20.0,55.0,0.5953654188948309
4.0,20.0,55.0,0.4407308377896613
1.0,1.0,56.0,0.5400271370420624
2.0,1.0,56.0,0.45725915875169604
3.0,1.0,56.0,0.6440524649479874
4.0,1.0,56.0,0.5341474445952058
1.0,2.0,56.0,0.5149253731343284
2.0,2.0,56.0,0.49796472184531887
3.0,2.0,56.0,0.5997286295793759
4.0,2.0,56.0,0.5011307100859338
1.0,3.0,56.0,0.5320855614973262
2.0,3.0,56.0,0.4438502673796792
3.0,3.0,56.0,0.7491087344028523
4.0,3.0,56.0,0.45855614973262027
1.0,4.0,56.0,0.5452284034373587
2.0,4.0,56.0,0.483491632745364
3.0,4.0,56.0,0.5350520126639529
4.0,4.0,56.0,0.49253731343283574
1.0,5.0,56.0,0.4681139755766621
2.0,5.0,56.0,0.6472184531886026
3.0,5.0,56.0,0.5888738127544098
4.0,5.0,56.0,0.6445047489823611
1.0,6.0,56.0,0.6861148801447311
2.0,6.0,56.0,0.632293080054274
3.0,6.0,56.0,0.5680687471732249
4.0,6.0,56.0,0.6304839439167796
1.0,7.0,56.0,0.4788324420677362
2.0,7.0,56.0,0.46880570409982186
3.0,7.0,56.0,0.5971479500891266
4.0,7.0,56.0,0.46969696969696967
1.0,8.0,56.0,0.5183175033921303
2.0,8.0,56.0,0.5780189959294436
3.0,8.0,56.0,0.6540027137042063
4.0,8.0,56.0,0.561284486657621
1.0,9.0,56.0,0.5053475935828877
2.0,9.0,56.0,0.47370766488413546
3.0,9.0,56.0,0.6024955436720143
4.0,9.0,56.0,0.4594474153297682
1.0,10.0,56.0,0.7107843137254904
2.0,10.0,56.0,0.6925133689839573
3.0,10.0,56.0,0.5276292335115864
4.0,10.0,56.0,0.6867201426024955
1.0,11.0,56.0,0.4097693351424694
2.0,11.0,56.0,0.48891904115784707
3.0,11.0,56.0,0.5196743554952509
4.0,11.0,56.0,0.44957033016734504
1.0,12.0,56.0,0.5672905525846703
2.0,12.0,56.0,0.5552584670231728
3.0,12.0,56.0,0.47682709447415333
4.0,12.0,56.0,0.5650623885918002
1.0,13.0,56.0,0.6422433288104931
2.0,13.0,56.0,0.6739032112166441
3.0,13.0,56.0,0.5983717774762553
4.0,13.0,56.0,0.6739032112166441
1.0,14.0,56.0,0.5827679782903662
2.0,14.0,56.0,0.5947535052012662
3.0,14.0,56.0,0.5526910900045229
4.0,14.0,56.0,0.5689733152419719
1.0,15.0,56.0,0.6698326549072818
2.0,15.0,56.0,0.6625961103573045
3.0,15.0,56.0,0.5391225689733152
4.0,15.0,56.0,0.6544549977385798
1.0,16.0,56.0,0.44911804613297146
2.0,16.0,56.0,0.6295793758480326
3.0,16.0,56.0,0.6603346901854366
4.0,16.0,56.0,0.6413387607417459
1.0,17.0,56.0,0.5248756218905472
2.0,17.0,56.0,0.4920850293984623
3.0,17.0,56.0,0.5680687471732248
4.0,17.0,56.0,0.493441881501583
1.0,18.0,56.0,0.4543193125282677
2.0,18.0,56.0,0.45861601085481674
3.0,18.0,56.0,0.6173677069199458
4.0,18.0,56.0,0.46132971506105835
1.0,19.0,56.0,0.6584224598930482
2.0,19.0,56.0,0.6546345811051693
3.0,19.0,56.0,0.5904634581105169
4.0,19.0,56.0,0.678698752228164
1.0,20.0,56.0,0.5567616463138851
2.0,20.0,56.0,0.6178199909543194
3.0,20.0,56.0,0.6408864767073723
4.0,20.0,56.0,0.5834464043419267
1.0,1.0,57.0,0.4748982360922659
2.0,1.0,57.0,0.42198100407055633
3.0,1.0,57.0,0.6395296246042516
4.0,1.0,57.0,0.4672094075079149
1.0,2.0,57.0,0.5807327001356852
2.0,2.0,57.0,0.5716870194482135
3.0,2.0,57.0,0.5038444142921755
4.0,2.0,57.0,0.5472636815920399
1.0,3.0,57.0,0.5072365445499774
2.0,3.0,57.0,0.443238353686115
3.0,3.0,57.0,0.6169154228855722
4.0,3.0,57.0,0.4631388511985527
1.0,4.0,57.0,0.5345997286295794
2.0,4.0,57.0,0.40253279059249214
3.0,4.0,57.0,0.7159656264133877
4.0,4.0,57.0,0.5716870194482135
1.0,5.0,57.0,0.4882406151062867
2.0,5.0,57.0,0.38127544097693356
3.0,5.0,57.0,0.7317955676164632
4.0,5.0,57.0,0.6047037539574853
1.0,6.0,57.0,0.4991087344028521
2.0,6.0,57.0,0.4897504456327987
3.0,6.0,57.0,0.5650623885918002
4.0,6.0,57.0,0.47816399286987515
1.0,7.0,57.0,0.3729081863410222
2.0,7.0,57.0,0.4387155133423791
3.0,7.0,57.0,0.506558118498417
4.0,7.0,57.0,0.4445952057892357
1.0,8.0,57.0,0.6393034825870647
2.0,8.0,57.0,0.5970149253731345
3.0,8.0,57.0,0.5336951605608323
4.0,8.0,57.0,0.6300316598824063
1.0,9.0,57.0,0.5499773857982814
2.0,9.0,57.0,0.63681592039801
3.0,9.0,57.0,0.602894617819991
4.0,9.0,57.0,0.6377204884667572
1.0,10.0,57.0,0.5013568521031206
2.0,10.0,57.0,0.4418815015829941
3.0,10.0,57.0,0.6164631388511986
4.0,10.0,57.0,0.5531433740388964
1.0,11.0,57.0,0.46132971506105835
2.0,11.0,57.0,0.5811849841700587
3.0,11.0,57.0,0.6449570330167346
4.0,11.0,57.0,0.5689733152419719
1.0,12.0,57.0,0.571524064171123
2.0,12.0,57.0,0.43270944741532974
3.0,12.0,57.0,0.7125668449197862
4.0,12.0,57.0,0.46791443850267384
1.0,13.0,57.0,0.6149732620320857
2.0,13.0,57.0,0.6479500891265597
3.0,13.0,57.0,0.6729055258467022
4.0,13.0,57.0,0.654634581105169
1.0,14.0,57.0,0.5651289009497964
2.0,14.0,57.0,0.5011307100859339
3.0,14.0,57.0,0.6060606060606062
4.0,14.0,57.0,0.5359565807327002
1.0,15.0,57.0,0.4819518716577541
2.0,15.0,57.0,0.4763814616755793
3.0,15.0,57.0,0.6082887700534759
4.0,15.0,57.0,0.48573975044563283
1.0,16.0,57.0,0.6530981456354592
2.0,16.0,57.0,0.639077340569878
3.0,16.0,57.0,0.5563093622795116
4.0,16.0,57.0,0.6390773405698779
1.0,17.0,57.0,0.5628674807779285
2.0,17.0,57.0,0.467209407507915
3.0,17.0,57.0,0.6856625961103573
4.0,17.0,57.0,0.46856625961103565
1.0,18.0,57.0,0.40463458110516937
2.0,18.0,57.0,0.5971479500891266
3.0,18.0,57.0,0.6457219251336899
4.0,18.0,57.0,0.6091800356506237
1.0,19.0,57.0,0.5379918588873813
2.0,19.0,57.0,0.5590230664857531
3.0,19.0,57.0,0.6123925825418363
4.0,19.0,57.0,0.48303934871099047
1.0,20.0,57.0,0.5710085933966532
2.0,20.0,57.0,0.644504748982361
3.0,20.0,57.0,0.6508367254635912
4.0,20.0,57.0,0.6404341926729986
1.0,1.0,58.0,0.47693351424694713
2.0,1.0,58.0,0.45137946630483944
3.0,1.0,58.0,0.6350067842605157
4.0,1.0,58.0,0.5273631840796019
1.0,2.0,58.0,0.576662143826323
2.0,2.0,58.0,0.616010854816825
3.0,2.0,58.0,0.5409317051108096
4.0,2.0,58.0,0.6142017186793307
1.0,3.0,58.0,0.516934046345811
2.0,3.0,58.0,0.6212121212121213
3.0,3.0,58.0,0.7201426024955437
4.0,3.0,58.0,0.6082887700534758
1.0,4.0,58.0,0.5521390374331551
2.0,4.0,58.0,0.4429590017825312
3.0,4.0,58.0,0.6024955436720142
4.0,4.0,58.0,0.5369875222816399
1.0,5.0,58.0,0.4011759384893713
2.0,5.0,58.0,0.3921302578018995
3.0,5.0,58.0,0.621438263229308
4.0,5.0,58.0,0.6024423337856174
1.0,6.0,58.0,0.5797682709447416
2.0,6.0,58.0,0.3926024955436721
3.0,6.0,58.0,0.5998217468805705
4.0,6.0,58.0,0.5846702317290552
1.0,7.0,58.0,0.4705882352941177
2.0,7.0,58.0,0.47771836007130136
3.0,7.0,58.0,0.5490196078431372
4.0,7.0,58.0,0.4826203208556151
1.0,8.0,58.0,0.576662143826323
2.0,8.0,58.0,0.6395296246042516
3.0,8.0,58.0,0.6042514699231116
4.0,8.0,58.0,0.6132971506105834
1.0,9.0,58.0,0.5412210338680926
2.0,9.0,58.0,0.6270053475935828
3.0,9.0,58.0,0.6483957219251337
4.0,9.0,58.0,0.6185383244206774
1.0,10.0,58.0,0.5221619176843058
2.0,10.0,58.0,0.5974672094075079
3.0,10.0,58.0,0.6255088195386703
4.0,10.0,58.0,0.5825418362731796
1.0,11.0,58.0,0.5924920850293985
2.0,11.0,58.0,0.633649932157395
3.0,11.0,58.0,0.5608322026232474
4.0,11.0,58.0,0.6236996834011761
1.0,12.0,58.0,0.538101604278075
2.0,12.0,58.0,0.48618538324420674
3.0,12.0,58.0,0.5655080213903744
4.0,12.0,58.0,0.4723707664884136
1.0,13.0,58.0,0.50222816399287
2.0,13.0,58.0,0.6029411764705881
3.0,13.0,58.0,0.5958110516934044
4.0,13.0,58.0,0.5993761140819962
1.0,14.0,58.0,0.5004522840343735
2.0,14.0,58.0,0.4097693351424694
3.0,14.0,58.0,0.7091813658977838
4.0,14.0,58.0,0.4038896426956128
1.0,15.0,58.0,0.4579375848032563
2.0,15.0,58.0,0.47218453188602444
3.0,15.0,58.0,0.519674355495251
4.0,15.0,58.0,0.5214834916327454
1.0,16.0,58.0,0.48841354723707664
2.0,16.0,58.0,0.410873440285205
3.0,16.0,58.0,0.7018716577540108
4.0,16.0,58.0,0.45588235294117646
1.0,17.0,58.0,0.5384441429217548
2.0,17.0,58.0,0.4586160108548168
3.0,17.0,58.0,0.6494798733604704
4.0,17.0,58.0,0.474898236092266
1.0,18.0,58.0,0.6606506238859179
2.0,18.0,58.0,0.7139037433155079
3.0,18.0,58.0,0.6470588235294119
4.0,18.0,58.0,0.7085561497326203
1.0,19.0,58.0,0.5465686274509804
2.0,19.0,58.0,0.4808377896613191
3.0,19.0,58.0,0.6296791443850267
4.0,19.0,58.0,0.517825311942959
1.0,20.0,58.0,0.4891451831750339
2.0,20.0,58.0,0.5739484396200815
3.0,20.0,58.0,0.5924920850293985
4.0,20.0,58.0,0.5879692446856627
1.0,1.0,59.0,0.46607869742198105
2.0,1.0,59.0,0.6680235187697876
3.0,1.0,59.0,0.6286748077792855
4.0,1.0,59.0,0.67842605156038
1.0,2.0,59.0,0.528493894165536
2.0,2.0,59.0,0.5843509724106739
3.0,2.0,59.0,0.6255088195386704
4.0,2.0,59.0,0.5639981908638626
1.0,3.0,59.0,0.5468113975576663
2.0,3.0,59.0,0.46540027137042056
3.0,3.0,59.0,0.6436001809136138
4.0,3.0,59.0,0.49479873360470383
1.0,4.0,59.0,0.548168249660787
2.0,4.0,59.0,0.5689733152419719
3.0,4.0,59.0,0.5621890547263682
4.0,4.0,59.0,0.5422885572139303
1.0,5.0,59.0,0.572139303482587
2.0,5.0,59.0,0.5305291723202171
3.0,5.0,59.0,0.5924920850293985
4.0,5.0,59.0,0.5499773857982815
1.0,6.0,59.0,0.5156037991858887
2.0,6.0,59.0,0.4640434192672998
3.0,6.0,59.0,0.6770691994572593
4.0,6.0,59.0,0.46042514699231113
1.0,7.0,59.0,0.5617201426024956
2.0,7.0,59.0,0.5289661319073085
3.0,7.0,59.0,0.536096256684492
4.0,7.0,59.0,0.5548128342245989
1.0,8.0,59.0,0.5784313725490196
2.0,8.0,59.0,0.6016042780748662
3.0,8.0,59.0,0.6033868092691621
4.0,8.0,59.0,0.5690730837789663
1.0,9.0,59.0,0.4814563545906829
2.0,9.0,59.0,0.5572139303482588
3.0,9.0,59.0,0.5282677521483492
4.0,9.0,59.0,0.5486205336951606
1.0,10.0,59.0,0.445855614973262
2.0,10.0,59.0,0.3814616755793227
3.0,10.0,59.0,0.57174688057041
4.0,10.0,59.0,0.605614973262032
1.0,11.0,59.0,0.48394391677973764
2.0,11.0,59.0,0.41157847127996383
3.0,11.0,59.0,0.6639529624604252
4.0,11.0,59.0,0.5911352329262778
1.0,12.0,59.0,0.5254010695187165
2.0,12.0,59.0,0.5828877005347591
3.0,12.0,59.0,0.6042780748663102
4.0,12.0,59.0,0.5450089126559714
1.0,13.0,59.0,0.5226142017186793
2.0,13.0,59.0,0.48077792853912255
3.0,13.0,59.0,0.6436001809136139
4.0,13.0,59.0,0.5205789235639982
1.0,14.0,59.0,0.4837344028520499
2.0,14.0,59.0,0.4857397504456329
3.0,14.0,59.0,0.6492869875222816
4.0,14.0,59.0,0.47147950089126567
1.0,15.0,59.0,0.39215686274509803
2.0,15.0,59.0,0.3538324420677362
3.0,15.0,59.0,0.675579322638146
4.0,15.0,59.0,0.6350267379679143
1.0,16.0,59.0,0.43781094527363185
2.0,16.0,59.0,0.47444595205789236
3.0,16.0,59.0,0.587516960651289
4.0,16.0,59.0,0.4644957033016734
1.0,17.0,59.0,0.44753505201266397
2.0,17.0,59.0,0.6155585707824514
3.0,17.0,59.0,0.6463138851198552
4.0,17.0,59.0,0.6042514699231115
1.0,18.0,59.0,0.5560832202623248
2.0,18.0,59.0,0.6327453640886478
3.0,18.0,59.0,0.5386702849389418
4.0,18.0,59.0,0.634554500226142
1.0,19.0,59.0,0.49955436720142604
2.0,19.0,59.0,0.4420677361853833
3.0,19.0,59.0,0.6573083778966131
4.0,19.0,59.0,0.47549019607843135
1.0,20.0,59.0,0.508819538670285
2.0,20.0,59.0,0.57756671189507
3.0,20.0,59.0,0.5083672546359114
4.0,20.0,59.0,0.5486205336951606
1.0,1.0,60.0,0.5169606512890095
2.0,1.0,60.0,0.4387155133423789
3.0,1.0,60.0,0.6693803708729082
4.0,1.0,60.0,0.563545906829489
1.0,2.0,60.0,0.4853007688828584
2.0,2.0,60.0,0.608322026232474
3.0,2.0,60.0,0.5680687471732249
4.0,2.0,60.0,0.6146540027137044
1.0,3.0,60.0,0.5425146992311171
2.0,3.0,60.0,0.42152872003618275
3.0,3.0,60.0,0.5450022614201719
4.0,3.0,60.0,0.5798281320669382
1.0,4.0,60.0,0.6001809136137495
2.0,4.0,60.0,0.5924920850293984
3.0,4.0,60.0,0.44007236544549977
4.0,4.0,60.0,0.5572139303482588
1.0,5.0,60.0,0.5944741532976825
2.0,5.0,60.0,0.6007130124777184
3.0,5.0,60.0,0.5646167557932265
4.0,5.0,60.0,0.5935828877005348
1.0,6.0,60.0,0.5364088647670737
2.0,6.0,60.0,0.5314337403889643
3.0,6.0,60.0,0.5789235639981908
4.0,6.0,60.0,0.5545002261420172
1.0,7.0,60.0,0.5642243328810492
2.0,7.0,60.0,0.5047489823609227
3.0,7.0,60.0,0.6259611035730438
4.0,7.0,60.0,0.49977385798281315
1.0,8.0,60.0,0.5918136589778382
2.0,8.0,60.0,0.43735866123925826
3.0,8.0,60.0,0.5545002261420172
4.0,8.0,60.0,0.46042514699231113
1.0,9.0,60.0,0.66198752228164
2.0,9.0,60.0,0.6898395721925131
3.0,9.0,60.0,0.48707664884135476
4.0,9.0,60.0,0.7188057040998216
1.0,10.0,60.0,0.4681372549019608
2.0,10.0,60.0,0.6203208556149732
3.0,10.0,60.0,0.6639928698752228
4.0,10.0,60.0,0.6105169340463458
1.0,11.0,60.0,0.6483491632745365
2.0,11.0,60.0,0.6218905472636818
3.0,11.0,60.0,0.6101311623699683
4.0,11.0,60.0,0.6218905472636816
1.0,12.0,60.0,0.49777183600713015
2.0,12.0,60.0,0.5120320855614973
3.0,12.0,60.0,0.5646167557932263
4.0,12.0,60.0,0.5044563279857397
1.0,13.0,60.0,0.608322026232474
2.0,13.0,60.0,0.38308457711442784
3.0,13.0,60.0,0.6001809136137494
4.0,13.0,60.0,0.4183627317955676
1.0,14.0,60.0,0.40773405698778825
2.0,14.0,60.0,0.6214382632293082
3.0,14.0,60.0,0.6264133876074176
4.0,14.0,60.0,0.6042514699231119
1.0,15.0,60.0,0.5730438715513343
2.0,15.0,60.0,0.5771144278606964
3.0,15.0,60.0,0.5870646766169154
4.0,15.0,60.0,0.5545002261420173
1.0,16.0,60.0,0.45703301673450925
2.0,16.0,60.0,0.4622342831298055
3.0,16.0,60.0,0.6087743102668476
4.0,16.0,60.0,0.46313885119855264
1.0,17.0,60.0,0.5701871657754012
2.0,17.0,60.0,0.5891265597147949
3.0,17.0,60.0,0.6466131907308377
4.0,17.0,60.0,0.5971479500891266
1.0,18.0,60.0,0.4799465240641711
2.0,18.0,60.0,0.4781639928698751
3.0,18.0,60.0,0.5592691622103387
4.0,18.0,60.0,0.4910873440285205
1.0,19.0,60.0,0.43894165535956575
2.0,19.0,60.0,0.4020805065581185
3.0,19.0,60.0,0.6467661691542289
4.0,19.0,60.0,0.5843509724106739
1.0,20.0,60.0,0.5646167557932263
2.0,20.0,60.0,0.4964349376114082
3.0,20.0,60.0,0.6114081996434937
4.0,20.0,60.0,0.5071301247771836
1.0,1.0,61.0,0.5687471732247852
2.0,1.0,61.0,0.6196291270918135
3.0,1.0,61.0,0.5662596110357305
4.0,1.0,61.0,0.5915875169606513
1.0,2.0,61.0,0.5671641791044776
2.0,2.0,61.0,0.6042514699231117
3.0,2.0,61.0,0.5359565807327
4.0,2.0,61.0,0.5952057892356399
1.0,3.0,61.0,0.4585561497326203
2.0,3.0,61.0,0.6278966131907308
3.0,3.0,61.0,0.645276292335116
4.0,3.0,61.0,0.5944741532976826
1.0,4.0,61.0,0.46743554952510175
2.0,4.0,61.0,0.44097693351424694
3.0,4.0,61.0,0.5902306648575306
4.0,4.0,61.0,0.5563093622795117
1.0,5.0,61.0,0.626782531194296
2.0,5.0,61.0,0.6256684491978608
3.0,5.0,61.0,0.5454545454545454
4.0,5.0,61.0,0.6158645276292335
1.0,6.0,61.0,0.4676916221033868
2.0,6.0,61.0,0.45900178253119434
3.0,6.0,61.0,0.5962566844919787
4.0,6.0,61.0,0.5454545454545454
1.0,7.0,61.0,0.5630936227951153
2.0,7.0,61.0,0.48077792853912255
3.0,7.0,61.0,0.6273179556761647
4.0,7.0,61.0,0.4839439167797377
1.0,8.0,61.0,0.4941203075531434
2.0,8.0,61.0,0.5450022614201718
3.0,8.0,61.0,0.5563093622795116
4.0,8.0,61.0,0.5508819538670285
1.0,9.0,61.0,0.5846702317290552
2.0,9.0,61.0,0.6319073083778965
3.0,9.0,61.0,0.5904634581105167
4.0,9.0,61.0,0.6394830659536542
1.0,10.0,61.0,0.5307486631016043
2.0,10.0,61.0,0.5690730837789661
3.0,10.0,61.0,0.6011586452762923
4.0,10.0,61.0,0.5686274509803921
1.0,11.0,61.0,0.4767073722297603
2.0,11.0,61.0,0.5712347354138398
3.0,11.0,61.0,0.6132971506105834
4.0,11.0,61.0,0.5450022614201719
1.0,12.0,61.0,0.48774509803921573
2.0,12.0,61.0,0.448306595365419
3.0,12.0,61.0,0.5926916221033866
4.0,12.0,61.0,0.5396613190730839
1.0,13.0,61.0,0.5504296698326548
2.0,13.0,61.0,0.5137946630483943
3.0,13.0,61.0,0.613749434644957
4.0,13.0,61.0,0.5251017639077341
1.0,14.0,61.0,0.4873360470375395
2.0,14.0,61.0,0.43147896879240155
3.0,14.0,61.0,0.6761646313885121
4.0,14.0,61.0,0.5680687471732248
1.0,15.0,61.0,0.38557213930348255
2.0,15.0,61.0,0.3573043871551334
3.0,15.0,61.0,0.5739484396200815
4.0,15.0,61.0,0.6481230212573498
1.0,16.0,61.0,0.4451871657754011
2.0,16.0,61.0,0.4024064171122994
3.0,16.0,61.0,0.6688948306595364
4.0,16.0,61.0,0.4086452762923351
1.0,17.0,61.0,0.5069073083778967
2.0,17.0,61.0,0.4442959001782531
3.0,17.0,61.0,0.6786987522281639
4.0,17.0,61.0,0.4487522281639929
1.0,18.0,61.0,0.4964349376114082
2.0,18.0,61.0,0.44919786096256686
3.0,18.0,61.0,0.551693404634581
4.0,18.0,61.0,0.5579322638146168
1.0,19.0,61.0,0.6020499108734403
2.0,19.0,61.0,0.6114081996434939
3.0,19.0,61.0,0.5757575757575757
4.0,19.0,61.0,0.6056149732620321
1.0,20.0,61.0,0.47326203208556156
2.0,20.0,61.0,0.4117647058823529
3.0,20.0,61.0,0.6532976827094472
4.0,20.0,61.0,0.4353832442067736
1.0,1.0,62.0,0.4760289461781999
2.0,1.0,62.0,0.3690637720488467
3.0,1.0,62.0,0.6675712347354139
4.0,1.0,62.0,0.6264133876074175
1.0,2.0,62.0,0.6361408199643491
2.0,2.0,62.0,0.6087344028520498
3.0,2.0,62.0,0.5120320855614973
4.0,2.0,62.0,0.5802139037433156
1.0,3.0,62.0,0.5477159656264133
2.0,3.0,62.0,0.4604251469923112
3.0,3.0,62.0,0.6359113523292629
4.0,3.0,62.0,0.47580280416101317
1.0,4.0,62.0,0.5823156942559928
2.0,4.0,62.0,0.6060606060606061
3.0,4.0,62.0,0.6151062867480778
4.0,4.0,62.0,0.5920398009950248
1.0,5.0,62.0,0.5694255992763455
2.0,5.0,62.0,0.608322026232474
3.0,5.0,62.0,0.5214834916327454
4.0,5.0,62.0,0.6069651741293534
1.0,6.0,62.0,0.6169154228855722
2.0,6.0,62.0,0.6318407960199005
3.0,6.0,62.0,0.495703301673451
4.0,6.0,62.0,0.6178199909543193
1.0,7.0,62.0,0.5922659430122118
2.0,7.0,62.0,0.4907281772953416
3.0,7.0,62.0,0.5698778833107192
4.0,7.0,62.0,0.46720940750791506
1.0,8.0,62.0,0.4929895974672094
2.0,8.0,62.0,0.48213478064224335
3.0,8.0,62.0,0.582089552238806
4.0,8.0,62.0,0.4902758932609678
1.0,9.0,62.0,0.37611408199643503
2.0,9.0,62.0,0.38413547237076656
3.0,9.0,62.0,0.6448306595365418
4.0,9.0,62.0,0.5931372549019609
1.0,10.0,62.0,0.6644052464947988
2.0,10.0,62.0,0.7005879692446858
3.0,10.0,62.0,0.6408864767073723
4.0,10.0,62.0,0.6720940750791499
1.0,11.0,62.0,0.6119402985074627
2.0,11.0,62.0,0.6490275893260969
3.0,11.0,62.0,0.6490275893260968
4.0,11.0,62.0,0.6350067842605157
1.0,12.0,62.0,0.47512437810945274
2.0,12.0,62.0,0.5929443690637721
3.0,12.0,62.0,0.6426956128448666
4.0,12.0,62.0,0.5947535052012665
1.0,13.0,62.0,0.4872994652406416
2.0,13.0,62.0,0.4184491978609625
3.0,13.0,62.0,0.6876114081996434
4.0,13.0,62.0,0.4318181818181818
1.0,14.0,62.0,0.49732620320855614
2.0,14.0,62.0,0.4973262032085561
3.0,14.0,62.0,0.5668449197860962
4.0,14.0,62.0,0.4955436720142603
1.0,15.0,62.0,0.4405246494798733
2.0,15.0,62.0,0.42379014020805056
3.0,15.0,62.0,0.6151062867480779
4.0,15.0,62.0,0.579828132066938
1.0,16.0,62.0,0.5260063319764813
2.0,16.0,62.0,0.5725915875169606
3.0,16.0,62.0,0.576662143826323
4.0,16.0,62.0,0.5694255992763456
1.0,17.0,62.0,0.5549525101763907
2.0,17.0,62.0,0.41564902758932604
3.0,17.0,62.0,0.683853459972863
4.0,17.0,62.0,0.425599276345545
1.0,18.0,62.0,0.46524064171123003
2.0,18.0,62.0,0.41844919786096263
3.0,18.0,62.0,0.6501782531194297
4.0,18.0,62.0,0.5753119429590017
1.0,19.0,62.0,0.6758021390374332
2.0,19.0,62.0,0.6087344028520499
3.0,19.0,62.0,0.5445632798573975
4.0,19.0,62.0,0.5855614973262032
1.0,20.0,62.0,0.4476381461675579
2.0,20.0,62.0,0.6212121212121212
3.0,20.0,62.0,0.6978609625668449
4.0,20.0,62.0,0.590017825311943
1.0,1.0,63.0,0.5254010695187166
2.0,1.0,63.0,0.6305704099821748
3.0,1.0,63.0,0.6238859180035651
4.0,1.0,63.0,0.6100713012477716
1.0,2.0,63.0,0.6302578018995931
2.0,2.0,63.0,0.6571687019448215
3.0,2.0,63.0,0.5323383084577116
4.0,2.0,63.0,0.6417910447761195
1.0,3.0,63.0,0.532790592492085
2.0,3.0,63.0,0.3857982813206694
3.0,3.0,63.0,0.7390321121664406
4.0,3.0,63.0,0.6182722749886929
1.0,4.0,63.0,0.6465400271370421
2.0,4.0,63.0,0.38172772501130714
3.0,4.0,63.0,0.5269109000452286
4.0,4.0,63.0,0.610583446404342
1.0,5.0,63.0,0.464795008912656
2.0,5.0,63.0,0.5432263814616756
3.0,5.0,63.0,0.5922459893048128
4.0,5.0,63.0,0.5258467023172905
1.0,6.0,63.0,0.516282225237449
2.0,6.0,63.0,0.5201266395296246
3.0,6.0,63.0,0.4192672998643148
4.0,6.0,63.0,0.532790592492085
1.0,7.0,63.0,0.6227951153324287
2.0,7.0,63.0,0.5146992311171414
3.0,7.0,63.0,0.7132519222071463
4.0,7.0,63.0,0.48710990502035273
1.0,8.0,63.0,0.586229946524064
2.0,8.0,63.0,0.6439393939393938
3.0,8.0,63.0,0.5530303030303031
4.0,8.0,63.0,0.6452762923351159
1.0,9.0,63.0,0.4790552584670232
2.0,9.0,63.0,0.39973262032085555
3.0,9.0,63.0,0.6510695187165778
4.0,9.0,63.0,0.5953654188948307
1.0,10.0,63.0,0.5015829941203075
2.0,10.0,63.0,0.5079149706015378
3.0,10.0,63.0,0.6200814111261872
4.0,10.0,63.0,0.5178652193577565
1.0,11.0,63.0,0.5057932263814615
2.0,11.0,63.0,0.5949197860962566
3.0,11.0,63.0,0.6136363636363635
4.0,11.0,63.0,0.5690730837789661
1.0,12.0,63.0,0.4957664884135472
2.0,12.0,63.0,0.5597147950089127
3.0,12.0,63.0,0.6274509803921567
4.0,12.0,63.0,0.5557040998217468
1.0,13.0,63.0,0.5360962566844919
2.0,13.0,63.0,0.4897504456327985
3.0,13.0,63.0,0.7027629233511586
4.0,13.0,63.0,0.5089126559714794
1.0,14.0,63.0,0.4701492537313433
2.0,14.0,63.0,0.6540027137042064
3.0,14.0,63.0,0.686114880144731
4.0,14.0,63.0,0.6472184531886026
1.0,15.0,63.0,0.48039215686274517
2.0,15.0,63.0,0.5971479500891266
3.0,15.0,63.0,0.6501782531194296
4.0,15.0,63.0,0.6033868092691622
1.0,16.0,63.0,0.5746268656716418
2.0,16.0,63.0,0.4952510176390774
3.0,16.0,63.0,0.6558118498417007
4.0,16.0,63.0,0.5169606512890095
1.0,17.0,63.0,0.5422885572139304
2.0,17.0,63.0,0.5979194934418814
3.0,17.0,63.0,0.6250565355042969
4.0,17.0,63.0,0.6001809136137494
1.0,18.0,63.0,0.5822192513368983
2.0,18.0,63.0,0.6426024955436721
3.0,18.0,63.0,0.6345811051693402
4.0,18.0,63.0,0.5935828877005349
1.0,19.0,63.0,0.5846702317290552
2.0,19.0,63.0,0.5967023172905527
3.0,19.0,63.0,0.5459001782531195
4.0,19.0,63.0,0.5891265597147951
1.0,20.0,63.0,0.6151960784313725
2.0,20.0,63.0,0.6675579322638147
3.0,20.0,63.0,0.6889483065953652
4.0,20.0,63.0,0.6519607843137255
1.0,1.0,64.0,0.43622795115332436
2.0,1.0,64.0,0.3790140208050656
3.0,1.0,64.0,0.5712347354138398
4.0,1.0,64.0,0.6110357304387155
1.0,2.0,64.0,0.4536408864767074
2.0,2.0,64.0,0.4341926729986433
3.0,2.0,64.0,0.5933966530981457
4.0,2.0,64.0,0.5463591135232926
1.0,3.0,64.0,0.46992311171415657
2.0,3.0,64.0,0.42921754862053363
3.0,3.0,64.0,0.6521935775667118
4.0,3.0,64.0,0.5630936227951154
1.0,4.0,64.0,0.6009358288770054
2.0,4.0,64.0,0.4688057040998217
3.0,4.0,64.0,0.7032085561497328
4.0,4.0,64.0,0.480392156862745
1.0,5.0,64.0,0.5085933966530982
2.0,5.0,64.0,0.49389416553595655
3.0,5.0,64.0,0.5567616463138851
4.0,5.0,64.0,0.49615558570782453
1.0,6.0,64.0,0.5531433740388965
2.0,6.0,64.0,0.5052012663952963
3.0,6.0,64.0,0.5083672546359115
4.0,6.0,64.0,0.49796472184531887
1.0,7.0,64.0,0.5517865219357756
2.0,7.0,64.0,0.4798733604703753
3.0,7.0,64.0,0.5630936227951153
4.0,7.0,64.0,0.5205789235639983
1.0,8.0,64.0,0.4685662596110357
2.0,8.0,64.0,0.6322930800542741
3.0,8.0,64.0,0.6558118498417006
4.0,8.0,64.0,0.6485753052917232
1.0,9.0,64.0,0.5707824513794664
2.0,9.0,64.0,0.587516960651289
3.0,9.0,64.0,0.5956580732700135
4.0,9.0,64.0,0.5893260967887833
1.0,10.0,64.0,0.424468566259611
2.0,10.0,64.0,0.5920398009950251
3.0,10.0,64.0,0.5368611488014473
4.0,10.0,64.0,0.5924920850293985
1.0,11.0,64.0,0.48663101604278075
2.0,11.0,64.0,0.4220142602495544
3.0,11.0,64.0,0.6457219251336898
4.0,11.0,64.0,0.43761140819964345
1.0,12.0,64.0,0.606060606060606
2.0,12.0,64.0,0.6173677069199459
3.0,12.0,64.0,0.5757575757575759
4.0,12.0,64.0,0.6399819086386251
1.0,13.0,64.0,0.5581184984170059
2.0,13.0,64.0,0.41791044776119407
3.0,13.0,64.0,0.6671189507010403
4.0,13.0,64.0,0.5766621438263229
1.0,14.0,64.0,0.4197860962566845
2.0,14.0,64.0,0.392602495543672
3.0,14.0,64.0,0.5944741532976827
4.0,14.0,64.0,0.6016042780748662
1.0,15.0,64.0,0.47927807486631013
2.0,15.0,64.0,0.586007130124777
3.0,15.0,64.0,0.6475044563279858
4.0,15.0,64.0,0.5672905525846701
1.0,16.0,64.0,0.45703301673450925
2.0,16.0,64.0,0.38308457711442784
3.0,16.0,64.0,0.722297602894618
4.0,16.0,64.0,0.39529624604251473
1.0,17.0,64.0,0.5022281639928698
2.0,17.0,64.0,0.5686274509803921
3.0,17.0,64.0,0.6889483065953653
4.0,17.0,64.0,0.5579322638146167
1.0,18.0,64.0,0.520578923563998
2.0,18.0,64.0,0.4862053369516056
3.0,18.0,64.0,0.5988240615106288
4.0,18.0,64.0,0.45635459068294876
1.0,19.0,64.0,0.629127091813659
2.0,19.0,64.0,0.6372682044323836
3.0,19.0,64.0,0.48213478064224335
4.0,19.0,64.0,0.6255088195386703
1.0,20.0,64.0,0.5965626413387608
2.0,20.0,64.0,0.6431478968792402
3.0,20.0,64.0,0.6114880144730892
4.0,20.0,64.0,0.6178199909543193
1.0,1.0,65.0,0.5332428765264586
2.0,1.0,65.0,0.4210764360018091
3.0,1.0,65.0,0.6680235187697875
4.0,1.0,65.0,0.5870646766169154
1.0,2.0,65.0,0.5156037991858887
2.0,2.0,65.0,0.5011307100859339
3.0,2.0,65.0,0.6372682044323836
4.0,2.0,65.0,0.5314337403889644
1.0,3.0,65.0,0.5133689839572193
2.0,3.0,65.0,0.6172014260249553
3.0,3.0,65.0,0.6122994652406418
4.0,3.0,65.0,0.6109625668449197
1.0,4.0,65.0,0.4972862957937585
2.0,4.0,65.0,0.49932157394843973
3.0,4.0,65.0,0.6092265943012213
4.0,4.0,65.0,0.49886928991406604
1.0,5.0,65.0,0.5572139303482587
2.0,5.0,65.0,0.6426956128448666
3.0,5.0,65.0,0.552691090004523
4.0,5.0,65.0,0.6535504296698327
1.0,6.0,65.0,0.5565953654188949
2.0,6.0,65.0,0.5311942959001782
3.0,6.0,65.0,0.5472370766488414
4.0,6.0,65.0,0.5204991087344029
1.0,7.0,65.0,0.5352049910873439
2.0,7.0,65.0,0.5686274509803921
3.0,7.0,65.0,0.6270053475935828
4.0,7.0,65.0,0.5570409982174688
1.0,8.0,65.0,0.5710085933966532
2.0,8.0,65.0,0.5793758480325644
3.0,8.0,65.0,0.5336951605608322
4.0,8.0,65.0,0.587516960651289
1.0,9.0,65.0,0.5815508021390374
2.0,9.0,65.0,0.6510695187165776
3.0,9.0,65.0,0.6466131907308378
4.0,9.0,65.0,0.6506238859180036
1.0,10.0,65.0,0.4129353233830846
2.0,10.0,65.0,0.4319312528267752
3.0,10.0,65.0,0.5377657168701945
4.0,10.0,65.0,0.5807327001356852
1.0,11.0,65.0,0.5438948306595366
2.0,11.0,65.0,0.587344028520499
3.0,11.0,65.0,0.5516934046345809
4.0,11.0,65.0,0.607843137254902
1.0,12.0,65.0,0.5265151515151515
2.0,12.0,65.0,0.5138146167557932
3.0,12.0,65.0,0.5013368983957219
4.0,12.0,65.0,0.48707664884135465
1.0,13.0,65.0,0.4816824966078697
2.0,13.0,65.0,0.5300768882858434
3.0,13.0,65.0,0.49344188150158297
4.0,13.0,65.0,0.5576662143826322
1.0,14.0,65.0,0.5345997286295794
2.0,14.0,65.0,0.5608322026232474
3.0,14.0,65.0,0.5730438715513344
4.0,14.0,65.0,0.5594753505201266
1.0,15.0,65.0,0.6463138851198554
2.0,15.0,65.0,0.6268656716417912
3.0,15.0,65.0,0.59520578923564
4.0,15.0,65.0,0.6309362279511534
1.0,16.0,65.0,0.5169340463458111
2.0,16.0,65.0,0.5993761140819965
3.0,16.0,65.0,0.6893939393939393
4.0,16.0,65.0,0.6163101604278076
1.0,17.0,65.0,0.6094527363184081
2.0,17.0,65.0,0.6205336951605609
3.0,17.0,65.0,0.6309362279511534
4.0,17.0,65.0,0.6214382632293081
1.0,18.0,65.0,0.4710338680926916
2.0,18.0,65.0,0.4398395721925134
3.0,18.0,65.0,0.6238859180035651
4.0,18.0,65.0,0.46434937611408195
1.0,19.0,65.0,0.5260695187165775
2.0,19.0,65.0,0.5699643493761141
3.0,19.0,65.0,0.659982174688057
4.0,19.0,65.0,0.46657754010695196
1.0,20.0,65.0,0.6151062867480779
2.0,20.0,65.0,0.69606512890095
3.0,20.0,65.0,0.6635006784260516
4.0,20.0,65.0,0.6743554952510178
1.0,1.0,66.0,0.6123925825418365
2.0,1.0,66.0,0.6865671641791047
3.0,1.0,66.0,0.49615558570782464
4.0,1.0,66.0,0.6879240162822254
1.0,2.0,66.0,0.6331976481230213
2.0,2.0,66.0,0.6793306196291272
3.0,2.0,66.0,0.542740841248304
4.0,2.0,66.0,0.6707372229760291
1.0,3.0,66.0,0.6001809136137494
2.0,3.0,66.0,0.4685662596110358
3.0,3.0,66.0,0.6761646313885121
4.0,3.0,66.0,0.5386702849389418
1.0,4.0,66.0,0.5330167345092718
2.0,4.0,66.0,0.45002261420171863
3.0,4.0,66.0,0.6639529624604252
4.0,4.0,66.0,0.4617819990954319
1.0,5.0,66.0,0.48841354723707664
2.0,5.0,66.0,0.5851158645276292
3.0,5.0,66.0,0.7009803921568626
4.0,5.0,66.0,0.570855614973262
1.0,6.0,66.0,0.5176390773405698
2.0,6.0,66.0,0.5409317051108095
3.0,6.0,66.0,0.5545002261420172
4.0,6.0,66.0,0.5409317051108096
1.0,7.0,66.0,0.4861853832442068
2.0,7.0,66.0,0.4420677361853833
3.0,7.0,66.0,0.6697860962566844
4.0,7.0,66.0,0.5414438502673796
1.0,8.0,66.0,0.5557040998217468
2.0,8.0,66.0,0.4844028520499109
3.0,8.0,66.0,0.621657754010695
4.0,8.0,66.0,0.4817290552584671
1.0,9.0,66.0,0.4203980099502488
2.0,9.0,66.0,0.43328810492989606
3.0,9.0,66.0,0.5020352781546812
4.0,9.0,66.0,0.5649027589326097
1.0,10.0,66.0,0.5392156862745098
2.0,10.0,66.0,0.4558823529411764
3.0,10.0,66.0,0.7103386809269163
4.0,10.0,66.0,0.45187165775401067
1.0,11.0,66.0,0.49754901960784315
2.0,11.0,66.0,0.4879679144385027
3.0,11.0,66.0,0.5802139037433154
4.0,11.0,66.0,0.4955436720142602
1.0,12.0,66.0,0.46212121212121215
2.0,12.0,66.0,0.4068627450980392
3.0,12.0,66.0,0.7018716577540107
4.0,12.0,66.0,0.588680926916221
1.0,13.0,66.0,0.5880124777183602
2.0,13.0,66.0,0.6778074866310161
3.0,13.0,66.0,0.6203208556149733
4.0,13.0,66.0,0.661764705882353
1.0,14.0,66.0,0.5314337403889643
2.0,14.0,66.0,0.5848032564450475
3.0,14.0,66.0,0.6065128900949797
4.0,14.0,66.0,0.5911352329262777
1.0,15.0,66.0,0.5432263814616755
2.0,15.0,66.0,0.4055258467023173
3.0,15.0,66.0,0.7352941176470587
4.0,15.0,66.0,0.44429590017825304
1.0,16.0,66.0,0.6145276292335115
2.0,16.0,66.0,0.6127450980392157
3.0,16.0,66.0,0.623440285204991
4.0,16.0,66.0,0.6247771836007128
1.0,17.0,66.0,0.5608288770053474
2.0,17.0,66.0,0.6278966131907309
3.0,17.0,66.0,0.45766488413547235
4.0,17.0,66.0,0.6180926916221033
1.0,18.0,66.0,0.450701040253279
2.0,18.0,66.0,0.6218905472636818
3.0,18.0,66.0,0.6671189507010403
4.0,18.0,66.0,0.6377204884667572
1.0,19.0,66.0,0.5802139037433156
2.0,19.0,66.0,0.6479500891265598
3.0,19.0,66.0,0.6675579322638144
4.0,19.0,66.0,0.6390374331550802
1.0,20.0,66.0,0.5369875222816399
2.0,20.0,66.0,0.6310160427807489
3.0,20.0,66.0,0.749554367201426
4.0,20.0,66.0,0.622549019607843
1.0,1.0,67.0,0.6155585707824514
2.0,1.0,67.0,0.6779737675260066
3.0,1.0,67.0,0.5074626865671642
4.0,1.0,67.0,0.6644052464947989
1.0,2.0,67.0,0.497738579828132
2.0,2.0,67.0,0.4495703301673451
3.0,2.0,67.0,0.5915875169606513
4.0,2.0,67.0,0.46585255540479426
1.0,3.0,67.0,0.5367647058823529
2.0,3.0,67.0,0.4416221033868093
3.0,3.0,67.0,0.6194295900178253
4.0,3.0,67.0,0.57174688057041
1.0,4.0,67.0,0.6512923351158646
2.0,4.0,67.0,0.6408199643493763
3.0,4.0,67.0,0.5276292335115864
4.0,4.0,67.0,0.6185383244206775
1.0,5.0,67.0,0.40524649479873365
2.0,5.0,67.0,0.357756671189507
3.0,5.0,67.0,0.6304839439167799
4.0,5.0,67.0,0.6250565355042967
1.0,6.0,67.0,0.5523618538324421
2.0,6.0,67.0,0.5837789661319073
3.0,6.0,67.0,0.6278966131907308
4.0,6.0,67.0,0.5632798573975044
1.0,7.0,67.0,0.6363636363636364
2.0,7.0,67.0,0.6725463591135232
3.0,7.0,67.0,0.5445499773857984
4.0,7.0,67.0,0.645409317051108
1.0,8.0,67.0,0.6144278606965174
2.0,8.0,67.0,0.6779737675260065
3.0,8.0,67.0,0.5585707824513795
4.0,8.0,67.0,0.6702849389416554
1.0,9.0,67.0,0.48930481283422456
2.0,9.0,67.0,0.45632798573975036
3.0,9.0,67.0,0.7063279857397504
4.0,9.0,67.0,0.4665775401069518
1.0,10.0,67.0,0.5857078245137948
2.0,10.0,67.0,0.6684758028041611
3.0,10.0,67.0,0.6616915422885573
4.0,10.0,67.0,0.6684758028041611
1.0,11.0,67.0,0.42602495543672014
2.0,11.0,67.0,0.40463458110516926
3.0,11.0,67.0,0.6314616755793228
4.0,11.0,67.0,0.5797682709447416
1.0,12.0,67.0,0.5227272727272727
2.0,12.0,67.0,0.6042780748663099
3.0,12.0,67.0,0.6773618538324421
4.0,12.0,67.0,0.6011586452762921
1.0,13.0,67.0,0.43003565062388593
2.0,13.0,67.0,0.48083778966131907
3.0,13.0,67.0,0.5142602495543673
4.0,13.0,67.0,0.4768270944741532
1.0,14.0,67.0,0.5219357756671189
2.0,14.0,67.0,0.5070104025327905
3.0,14.0,67.0,0.5540479421076436
4.0,14.0,67.0,0.5160560832202623
1.0,15.0,67.0,0.5137946630483943
2.0,15.0,67.0,0.4400723654454998
3.0,15.0,67.0,0.727725011307101
4.0,15.0,67.0,0.45499773857982806
1.0,16.0,67.0,0.5456806874717323
2.0,16.0,67.0,0.5811849841700587
3.0,16.0,67.0,0.5811849841700588
4.0,16.0,67.0,0.582994120307553
1.0,17.0,67.0,0.4520944741532977
2.0,17.0,67.0,0.3827985739750446
3.0,17.0,67.0,0.7455436720142601
4.0,17.0,67.0,0.3712121212121212
1.0,18.0,67.0,0.5525846702317291
2.0,18.0,67.0,0.6327985739750445
3.0,18.0,67.0,0.4447415329768271
4.0,18.0,67.0,0.6283422459893048
1.0,19.0,67.0,0.5340909090909091
2.0,19.0,67.0,0.5663992869875223
3.0,19.0,67.0,0.6234402852049908
4.0,19.0,67.0,0.5726381461675579
1.0,20.0,67.0,0.4843962008141113
2.0,20.0,67.0,0.5486205336951605
3.0,20.0,67.0,0.5639981908638626
4.0,20.0,67.0,0.5431931252826775
1.0,1.0,68.0,0.5200534759358288
2.0,1.0,68.0,0.6332442067736184
3.0,1.0,68.0,0.6109625668449197
4.0,1.0,68.0,0.6466131907308379
1.0,2.0,68.0,0.5269607843137255
2.0,2.0,68.0,0.5998217468805705
3.0,2.0,68.0,0.5935828877005347
4.0,2.0,68.0,0.6096256684491981
1.0,3.0,68.0,0.5232926277702397
2.0,3.0,68.0,0.47806422433288104
3.0,3.0,68.0,0.6209859791949345
4.0,3.0,68.0,0.4807779285391226
1.0,4.0,68.0,0.5409317051108095
2.0,4.0,68.0,0.45952057892356396
3.0,4.0,68.0,0.6540027137042063
4.0,4.0,68.0,0.5368611488014474
1.0,5.0,68.0,0.49525101763907736
2.0,5.0,68.0,0.5056535504296699
3.0,5.0,68.0,0.6820443238353686
4.0,5.0,68.0,0.5251017639077341
1.0,6.0,68.0,0.4739936680235188
2.0,6.0,68.0,0.40615106286748076
3.0,6.0,68.0,0.5979194934418814
4.0,6.0,68.0,0.5902306648575306
1.0,7.0,68.0,0.4633649932157395
2.0,7.0,68.0,0.6047037539574852
3.0,7.0,68.0,0.6702849389416555
4.0,7.0,68.0,0.5784712799638172
1.0,8.0,68.0,0.5673903211216645
2.0,8.0,68.0,0.5658073270013568
3.0,8.0,68.0,0.5572139303482587
4.0,8.0,68.0,0.5440976933514248
1.0,9.0,68.0,0.5734961555857079
2.0,9.0,68.0,0.6924468566259612
3.0,9.0,68.0,0.5658073270013569
4.0,9.0,68.0,0.6779737675260064
1.0,10.0,68.0,0.4882406151062868
2.0,10.0,68.0,0.4197195838986884
3.0,10.0,68.0,0.633649932157395
4.0,10.0,68.0,0.5522388059701492
1.0,11.0,68.0,0.535204991087344
2.0,11.0,68.0,0.5013368983957219
3.0,11.0,68.0,0.7147950089126559
4.0,11.0,68.0,0.5271836007130125
1.0,12.0,68.0,0.4830393487109905
2.0,12.0,68.0,0.4997738579828132
3.0,12.0,68.0,0.5857078245137948
4.0,12.0,68.0,0.5024875621890547
1.0,13.0,68.0,0.6668894830659536
2.0,13.0,68.0,0.6096256684491977
3.0,13.0,68.0,0.5757575757575757
4.0,13.0,68.0,0.6087344028520499
1.0,14.0,68.0,0.589349376114082
2.0,14.0,68.0,0.6078431372549021
3.0,14.0,68.0,0.6131907308377894
4.0,14.0,68.0,0.5962566844919787
1.0,15.0,68.0,0.4505347593582888
2.0,15.0,68.0,0.45454545454545464
3.0,15.0,68.0,0.5534759358288771
4.0,15.0,68.0,0.5378787878787878
1.0,16.0,68.0,0.5364088647670737
2.0,16.0,68.0,0.6056083220262324
3.0,16.0,68.0,0.616010854816825
4.0,16.0,68.0,0.5775667118950701
1.0,17.0,68.0,0.6469923111714159
2.0,17.0,68.0,0.616010854816825
3.0,17.0,68.0,0.47444595205789236
4.0,17.0,68.0,0.6155585707824515
1.0,18.0,68.0,0.4364973262032086
2.0,18.0,68.0,0.6305704099821746
3.0,18.0,68.0,0.7018716577540107
4.0,18.0,68.0,0.6443850267379679
1.0,19.0,68.0,0.480837789661319
2.0,19.0,68.0,0.5646167557932265
3.0,19.0,68.0,0.6377005347593583
4.0,19.0,68.0,0.5280748663101604
1.0,20.0,68.0,0.4235739750445633
2.0,20.0,68.0,0.6898395721925132
3.0,20.0,68.0,0.7143493761140818
4.0,20.0,68.0,0.6720142602495542
1.0,1.0,69.0,0.589795008912656
2.0,1.0,69.0,0.43404634581105167
3.0,1.0,69.0,0.7869875222816396
4.0,1.0,69.0,0.4407308377896613
1.0,2.0,69.0,0.5314171122994653
2.0,2.0,69.0,0.516934046345811
3.0,2.0,69.0,0.6336898395721924
4.0,2.0,69.0,0.5240641711229947
1.0,3.0,69.0,0.5746268656716419
2.0,3.0,69.0,0.6042514699231116
3.0,3.0,69.0,0.5943012211668929
4.0,3.0,69.0,0.606060606060606
1.0,4.0,69.0,0.5891265597147949
2.0,4.0,69.0,0.5967023172905526
3.0,4.0,69.0,0.5334224598930482
4.0,4.0,69.0,0.6002673796791445
1.0,5.0,69.0,0.43826322930800543
2.0,5.0,69.0,0.5893260967887833
3.0,5.0,69.0,0.6431478968792402
4.0,5.0,69.0,0.5857078245137948
1.0,6.0,69.0,0.641112618724559
2.0,6.0,69.0,0.6947082767978292
3.0,6.0,69.0,0.5988240615106287
4.0,6.0,69.0,0.6965174129353235
1.0,7.0,69.0,0.49710338680926913
2.0,7.0,69.0,0.4705882352941177
3.0,7.0,69.0,0.6221033868092691
4.0,7.0,69.0,0.5115864527629232
1.0,8.0,69.0,0.4753505201266396
2.0,8.0,69.0,0.5884215287200363
3.0,8.0,69.0,0.6010854816824966
4.0,8.0,69.0,0.5875169606512891
1.0,9.0,69.0,0.5524649479873359
2.0,9.0,69.0,0.5495251017639077
3.0,9.0,69.0,0.5671641791044776
4.0,9.0,69.0,0.5721393034825871
1.0,10.0,69.0,0.4857397504456328
2.0,10.0,69.0,0.4456327985739751
3.0,10.0,69.0,0.6546345811051693
4.0,10.0,69.0,0.42023172905525835
1.0,11.0,69.0,0.5218360071301248
2.0,11.0,69.0,0.5713012477718361
3.0,11.0,69.0,0.6011586452762924
4.0,11.0,69.0,0.5316399286987523
1.0,12.0,69.0,0.5626114081996433
2.0,12.0,69.0,0.5886809269162212
3.0,12.0,69.0,0.6047237076648841
4.0,12.0,69.0,0.5762032085561497
1.0,13.0,69.0,0.47942107643600174
2.0,13.0,69.0,0.5391225689733152
3.0,13.0,69.0,0.5418362731795568
4.0,13.0,69.0,0.5070104025327906
1.0,14.0,69.0,0.5975935828877006
2.0,14.0,69.0,0.5663992869875222
3.0,14.0,69.0,0.5815508021390374
4.0,14.0,69.0,0.5606060606060606
1.0,15.0,69.0,0.5089126559714795
2.0,15.0,69.0,0.571301247771836
3.0,15.0,69.0,0.627005347593583
4.0,15.0,69.0,0.5864527629233512
1.0,16.0,69.0,0.6788783355947536
2.0,16.0,69.0,0.6996834011759386
3.0,16.0,69.0,0.5617367706919946
4.0,16.0,69.0,0.7064676616915424
1.0,17.0,69.0,0.40208050655811856
2.0,17.0,69.0,0.608322026232474
3.0,17.0,69.0,0.7010402532790594
4.0,17.0,69.0,0.6101311623699684
1.0,18.0,69.0,0.6172014260249555
2.0,18.0,69.0,0.3565062388591801
3.0,18.0,69.0,0.5623885918003565
4.0,18.0,69.0,0.6381461675579323
1.0,19.0,69.0,0.5316399286987522
2.0,19.0,69.0,0.6234402852049911
3.0,19.0,69.0,0.7121212121212119
4.0,19.0,69.0,0.6020499108734402
1.0,20.0,69.0,0.5670677361853832
2.0,20.0,69.0,0.605169340463458
3.0,20.0,69.0,0.590017825311943
4.0,20.0,69.0,0.6024955436720143
1.0,1.0,70.0,0.5590463458110517
2.0,1.0,70.0,0.38547237076648844
3.0,1.0,70.0,0.5459001782531194
4.0,1.0,70.0,0.5909090909090909
1.0,2.0,70.0,0.48801447308909995
2.0,2.0,70.0,0.4020805065581185
3.0,2.0,70.0,0.6616915422885572
4.0,2.0,70.0,0.5680687471732248
1.0,3.0,70.0,0.5063319764812302
2.0,3.0,70.0,0.4794210764360017
3.0,3.0,70.0,0.6436001809136138
4.0,3.0,70.0,0.5083672546359114
1.0,4.0,70.0,0.5165083672546359
2.0,4.0,70.0,0.42243328810492986
3.0,4.0,70.0,0.6806874717322481
4.0,4.0,70.0,0.5599276345545003
1.0,5.0,70.0,0.549298959746721
2.0,5.0,70.0,0.6047037539574852
3.0,5.0,70.0,0.5789235639981909
4.0,5.0,70.0,0.5834464043419267
1.0,6.0,70.0,0.6327453640886479
2.0,6.0,70.0,0.63681592039801
3.0,6.0,70.0,0.5400271370420623
4.0,6.0,70.0,0.6345545002261421
1.0,7.0,70.0,0.5411578471279964
2.0,7.0,70.0,0.6264133876074175
3.0,7.0,70.0,0.5929443690637721
4.0,7.0,70.0,0.6146540027137042
1.0,8.0,70.0,0.560153776571687
2.0,8.0,70.0,0.5065581184984169
3.0,8.0,70.0,0.639981908638625
4.0,8.0,70.0,0.5042966983265489
1.0,9.0,70.0,0.5980392156862746
2.0,9.0,70.0,0.623885918003565
3.0,9.0,70.0,0.49286987522281644
4.0,9.0,70.0,0.6016042780748664
1.0,10.0,70.0,0.5357304387155133
2.0,10.0,70.0,0.42424242424242414
3.0,10.0,70.0,0.710085933966531
4.0,10.0,70.0,0.5626413387607418
1.0,11.0,70.0,0.40641711229946526
2.0,11.0,70.0,0.3137254901960785
3.0,11.0,70.0,0.7134581105169342
4.0,11.0,70.0,0.6644385026737968
1.0,12.0,70.0,0.36227951153324284
2.0,12.0,70.0,0.3550429669832655
3.0,12.0,70.0,0.5988240615106286
4.0,12.0,70.0,0.6386250565355044
1.0,13.0,70.0,0.46449570330167345
2.0,13.0,70.0,0.587516960651289
3.0,13.0,70.0,0.6368159203980099
4.0,13.0,70.0,0.6037991858887382
1.0,14.0,70.0,0.5305258467023172
2.0,14.0,70.0,0.6136363636363636
3.0,14.0,70.0,0.6327985739750445
4.0,14.0,70.0,0.5918003565062389
1.0,15.0,70.0,0.479194934418815
2.0,15.0,70.0,0.6137494346449571
3.0,15.0,70.0,0.6549072817729534
4.0,15.0,70.0,0.6010854816824966
1.0,16.0,70.0,0.5303030303030302
2.0,16.0,70.0,0.6180926916221032
3.0,16.0,70.0,0.6920677361853832
4.0,16.0,70.0,0.5989304812834224
1.0,17.0,70.0,0.5725915875169606
2.0,17.0,70.0,0.5468113975576661
3.0,17.0,70.0,0.6322930800542742
4.0,17.0,70.0,0.5744007236544549
1.0,18.0,70.0,0.6853832442067737
2.0,18.0,70.0,0.6626559714795008
3.0,18.0,70.0,0.5904634581105169
4.0,18.0,70.0,0.6590909090909091
1.0,19.0,70.0,0.6793306196291271
2.0,19.0,70.0,0.7028493894165537
3.0,19.0,70.0,0.6341022161917685
4.0,19.0,70.0,0.6919945725915877
1.0,20.0,70.0,0.5438715513342379
2.0,20.0,70.0,0.5757575757575758
3.0,20.0,70.0,0.5119855269109002
4.0,20.0,70.0,0.5762098597919494
1.0,1.0,71.0,0.42198100407055633
2.0,1.0,71.0,0.3903211216644052
3.0,1.0,71.0,0.5490728177295342
4.0,1.0,71.0,0.6051560379918591
1.0,2.0,71.0,0.5409317051108096
2.0,2.0,71.0,0.625961103573044
3.0,2.0,71.0,0.6567164179104479
4.0,2.0,71.0,0.6155585707824514
1.0,3.0,71.0,0.6433740388964272
2.0,3.0,71.0,0.6865671641791047
3.0,3.0,71.0,0.5246494798733605
4.0,3.0,71.0,0.6996834011759386
1.0,4.0,71.0,0.5802804161013115
2.0,4.0,71.0,0.6114880144730891
3.0,4.0,71.0,0.6282225237449119
4.0,4.0,71.0,0.5947535052012665
1.0,5.0,71.0,0.5467914438502673
2.0,5.0,71.0,0.5401069518716576
3.0,5.0,71.0,0.6100713012477719
4.0,5.0,71.0,0.5396613190730837
1.0,6.0,71.0,0.5603799185888738
2.0,6.0,71.0,0.5065581184984169
3.0,6.0,71.0,0.6205336951605609
4.0,6.0,71.0,0.5029398462234282
1.0,7.0,71.0,0.5931372549019606
2.0,7.0,71.0,0.6096256684491979
3.0,7.0,71.0,0.500445632798574
4.0,7.0,71.0,0.6122994652406417
1.0,8.0,71.0,0.446301247771836
2.0,8.0,71.0,0.6256684491978608
3.0,8.0,71.0,0.6167557932263815
4.0,8.0,71.0,0.6256684491978608
1.0,9.0,71.0,0.4855269109000452
2.0,9.0,71.0,0.4794210764360018
3.0,9.0,71.0,0.6327453640886478
4.0,9.0,71.0,0.535052012663953
1.0,10.0,71.0,0.4743761140819964
2.0,10.0,71.0,0.5779857397504458
3.0,10.0,71.0,0.6711229946524065
4.0,10.0,71.0,0.5833333333333335
1.0,11.0,71.0,0.5171867933061962
2.0,11.0,71.0,0.42469470827679795
3.0,11.0,71.0,0.5848032564450476
4.0,11.0,71.0,0.5915875169606514
1.0,12.0,71.0,0.5298573975044564
2.0,12.0,71.0,0.5668449197860964
3.0,12.0,71.0,0.5806595365418894
4.0,12.0,71.0,0.5334224598930482
1.0,13.0,71.0,0.5160560832202623
2.0,13.0,71.0,0.5866123925825418
3.0,13.0,71.0,0.5816372682044324
4.0,13.0,71.0,0.5965626413387607
1.0,14.0,71.0,0.5543672014260249
2.0,14.0,71.0,0.6221033868092692
3.0,14.0,71.0,0.6960784313725491
4.0,14.0,71.0,0.6270053475935827
1.0,15.0,71.0,0.6225490196078431
2.0,15.0,71.0,0.6359180035650622
3.0,15.0,71.0,0.5770944741532977
4.0,15.0,71.0,0.6229946524064169
1.0,16.0,71.0,0.4606512890094979
2.0,16.0,71.0,0.6200814111261871
3.0,16.0,71.0,0.7200361827227499
4.0,16.0,71.0,0.6142017186793305
1.0,17.0,71.0,0.37177747625508817
2.0,17.0,71.0,0.36318407960199006
3.0,17.0,71.0,0.7091813658977839
4.0,17.0,71.0,0.6273179556761647
1.0,18.0,71.0,0.4269162210338681
2.0,18.0,71.0,0.45499108734402854
3.0,18.0,71.0,0.5521390374331552
4.0,18.0,71.0,0.45276292335115864
1.0,19.0,71.0,0.49910873440285203
2.0,19.0,71.0,0.5904634581105168
3.0,19.0,71.0,0.7023172905525845
4.0,19.0,71.0,0.5739750445632796
1.0,20.0,71.0,0.6135232926277703
2.0,20.0,71.0,0.6693803708729084
3.0,20.0,71.0,0.621438263229308
4.0,20.0,71.0,0.6612392582541836
1.0,1.0,72.0,0.5517865219357757
2.0,1.0,72.0,0.6693803708729084
3.0,1.0,72.0,0.5364088647670738
4.0,1.0,72.0,0.6625961103573046
1.0,2.0,72.0,0.5241971958389869
2.0,2.0,72.0,0.4703753957485301
3.0,2.0,72.0,0.5599276345545002
4.0,2.0,72.0,0.542740841248304
1.0,3.0,72.0,0.6735739750445633
2.0,3.0,72.0,0.7032085561497328
3.0,3.0,72.0,0.5445632798573975
4.0,3.0,72.0,0.6916221033868092
1.0,4.0,72.0,0.5545002261420172
2.0,4.0,72.0,0.5205789235639983
3.0,4.0,72.0,0.6861148801447309
4.0,4.0,72.0,0.5440976933514247
1.0,5.0,72.0,0.5093582887700534
2.0,5.0,72.0,0.5084670231729055
3.0,5.0,72.0,0.6363636363636365
4.0,5.0,72.0,0.5249554367201426
1.0,6.0,72.0,0.5798281320669381
2.0,6.0,72.0,0.6675712347354139
3.0,6.0,72.0,0.6304839439167798
4.0,6.0,72.0,0.672998643147897
1.0,7.0,72.0,0.5594753505201266
2.0,7.0,72.0,0.6010854816824965
3.0,7.0,72.0,0.6354590682948893
4.0,7.0,72.0,0.5784712799638172
1.0,8.0,72.0,0.5109180035650625
2.0,8.0,72.0,0.49197860962566853
3.0,8.0,72.0,0.6350267379679143
4.0,8.0,72.0,0.48039215686274517
1.0,9.0,72.0,0.49344188150158297
2.0,9.0,72.0,0.5409317051108096
3.0,9.0,72.0,0.55359565807327
4.0,9.0,72.0,0.5585707824513795
1.0,10.0,72.0,0.44028520499108736
2.0,10.0,72.0,0.4237967914438502
3.0,10.0,72.0,0.606951871657754
4.0,10.0,72.0,0.44385026737967914
1.0,11.0,72.0,0.569964349376114
2.0,11.0,72.0,0.6145276292335118
3.0,11.0,72.0,0.60650623885918
4.0,11.0,72.0,0.6033868092691624
1.0,12.0,72.0,0.45008912655971484
2.0,12.0,72.0,0.49999999999999994
3.0,12.0,72.0,0.5619429590017825
4.0,12.0,72.0,0.5213903743315508
1.0,13.0,72.0,0.6176470588235294
2.0,13.0,72.0,0.6657754010695186
3.0,13.0,72.0,0.6929590017825311
4.0,13.0,72.0,0.6506238859180036
1.0,14.0,72.0,0.5710784313725489
2.0,14.0,72.0,0.6060606060606062
3.0,14.0,72.0,0.5075757575757576
4.0,14.0,72.0,0.6265597147950089
1.0,15.0,72.0,0.5468113975576662
2.0,15.0,72.0,0.5011307100859339
3.0,15.0,72.0,0.6350067842605157
4.0,15.0,72.0,0.5061058344640434
1.0,16.0,72.0,0.5418894830659535
2.0,16.0,72.0,0.6515151515151515
3.0,16.0,72.0,0.6278966131907306
4.0,16.0,72.0,0.6448306595365418
1.0,17.0,72.0,0.5483943916779739
2.0,17.0,72.0,0.5829941203075533
3.0,17.0,72.0,0.5563093622795116
4.0,17.0,72.0,0.5861601085481682
1.0,18.0,72.0,0.6096788783355948
2.0,18.0,72.0,0.6164631388511985
3.0,18.0,72.0,0.6101311623699684
4.0,18.0,72.0,0.6182722749886929
1.0,19.0,72.0,0.5378787878787878
2.0,19.0,72.0,0.6225490196078429
3.0,19.0,72.0,0.6082887700534759
4.0,19.0,72.0,0.5953654188948305
1.0,20.0,72.0,0.6510695187165777
2.0,20.0,72.0,0.6479500891265597
3.0,20.0,72.0,0.5851158645276293
4.0,20.0,72.0,0.6524064171122994
1.0,1.0,73.0,0.4635911352329263
2.0,1.0,73.0,0.4011759384893714
3.0,1.0,73.0,0.5694255992763456
4.0,1.0,73.0,0.600633197648123
1.0,2.0,73.0,0.5122549019607843
2.0,2.0,73.0,0.5623885918003565
3.0,2.0,73.0,0.520053475935829
4.0,2.0,73.0,0.5730837789661318
1.0,3.0,73.0,0.46246042514699237
2.0,3.0,73.0,0.6870194482134783
3.0,3.0,73.0,0.6508367254635913
4.0,3.0,73.0,0.6766169154228858
1.0,4.0,73.0,0.5479421076436003
2.0,4.0,73.0,0.6223428312980551
3.0,4.0,73.0,0.6019900497512438
4.0,4.0,73.0,0.5866123925825418
1.0,5.0,73.0,0.43738859180035655
2.0,5.0,73.0,0.4447415329768271
3.0,5.0,73.0,0.5855614973262032
4.0,5.0,73.0,0.5690730837789659
1.0,6.0,73.0,0.5463591135232926
2.0,6.0,73.0,0.551334237901402
3.0,6.0,73.0,0.5992763455450024
4.0,6.0,73.0,0.5535956580732698
1.0,7.0,73.0,0.4131614654002713
2.0,7.0,73.0,0.4658525554047942
3.0,7.0,73.0,0.5540479421076436
4.0,7.0,73.0,0.4563545906829488
1.0,8.0,73.0,0.5118092691622103
2.0,8.0,73.0,0.4745989304812835
3.0,8.0,73.0,0.5561497326203209
4.0,8.0,73.0,0.5098039215686273
1.0,9.0,73.0,0.4777183600713012
2.0,9.0,73.0,0.5632798573975045
3.0,9.0,73.0,0.6007130124777184
4.0,9.0,73.0,0.5668449197860962
1.0,10.0,73.0,0.5095811051693404
2.0,10.0,73.0,0.5222816399286989
3.0,10.0,73.0,0.5704099821746882
4.0,10.0,73.0,0.5418894830659535
1.0,11.0,73.0,0.5422885572139303
2.0,11.0,73.0,0.5630936227951153
3.0,11.0,73.0,0.6196291270918138
4.0,11.0,73.0,0.566711895070104
1.0,12.0,73.0,0.3600180913613749
2.0,12.0,73.0,0.6386250565355044
3.0,12.0,73.0,0.6028946178199909
4.0,12.0,73.0,0.6078697421981005
1.0,13.0,73.0,0.6325757575757577
2.0,13.0,73.0,0.7023172905525846
3.0,13.0,73.0,0.5967023172905526
4.0,13.0,73.0,0.6786987522281639
1.0,14.0,73.0,0.5843509724106739
2.0,14.0,73.0,0.6187245590230667
3.0,14.0,73.0,0.6060606060606062
4.0,14.0,73.0,0.605156037991859
1.0,15.0,73.0,0.5232926277702397
2.0,15.0,73.0,0.5848032564450474
3.0,15.0,73.0,0.5879692446856627
4.0,15.0,73.0,0.5952057892356398
1.0,16.0,73.0,0.6212121212121214
2.0,16.0,73.0,0.7023971053821801
3.0,16.0,73.0,0.6919945725915875
4.0,16.0,73.0,0.6684758028041611
1.0,17.0,73.0,0.5411578471279964
2.0,17.0,73.0,0.5870646766169155
3.0,17.0,73.0,0.5626413387607418
4.0,17.0,73.0,0.5599276345545002
1.0,18.0,73.0,0.4654634581105169
2.0,18.0,73.0,0.590017825311943
3.0,18.0,73.0,0.7058823529411764
4.0,18.0,73.0,0.5971479500891266
1.0,19.0,73.0,0.5511080958842154
2.0,19.0,73.0,0.578923563998191
3.0,19.0,73.0,0.555857078245138
4.0,19.0,73.0,0.5744007236544552
1.0,20.0,73.0,0.4927634554500226
2.0,20.0,73.0,0.5042966983265491
3.0,20.0,73.0,0.5024875621890548
4.0,20.0,73.0,0.49932157394843973
1.0,1.0,74.0,0.5992763455450024
2.0,1.0,74.0,0.7001356852103122
3.0,1.0,74.0,0.5079149706015378
4.0,1.0,74.0,0.6879240162822254
1.0,2.0,74.0,0.6105834464043419
2.0,2.0,74.0,0.5811849841700589
3.0,2.0,74.0,0.5029398462234282
4.0,2.0,74.0,0.5653550429669834
1.0,3.0,74.0,0.48039215686274517
2.0,3.0,74.0,0.3778966131907308
3.0,3.0,74.0,0.6261140819964349
4.0,3.0,74.0,0.6038324420677363
1.0,4.0,74.0,0.49532085561497324
2.0,4.0,74.0,0.5565953654188949
3.0,4.0,74.0,0.5877896613190731
4.0,4.0,74.0,0.551247771836007
1.0,5.0,74.0,0.43605169340463457
2.0,5.0,74.0,0.37878787878787884
3.0,5.0,74.0,0.6127450980392157
4.0,5.0,74.0,0.6056149732620322
1.0,6.0,74.0,0.47218453188602444
2.0,6.0,74.0,0.47037539574853005
3.0,6.0,74.0,0.525101763907734
4.0,6.0,74.0,0.4577114427860696
1.0,7.0,74.0,0.49072817729534157
2.0,7.0,74.0,0.4839439167797377
3.0,7.0,74.0,0.5816372682044323
4.0,7.0,74.0,0.5115332428765262
1.0,8.0,74.0,0.6325757575757577
2.0,8.0,74.0,0.641711229946524
3.0,8.0,74.0,0.5739750445632799
4.0,8.0,74.0,0.6229946524064168
1.0,9.0,74.0,0.4763814616755794
2.0,9.0,74.0,0.4041889483065954
3.0,9.0,74.0,0.6007130124777182
4.0,9.0,74.0,0.6069518716577539
1.0,10.0,74.0,0.609452736318408
2.0,10.0,74.0,0.6060606060606062
3.0,10.0,74.0,0.5445499773857982
4.0,10.0,74.0,0.6042514699231117
1.0,11.0,74.0,0.5630936227951153
2.0,11.0,74.0,0.4871099050203528
3.0,11.0,74.0,0.5983717774762551
4.0,11.0,74.0,0.48937132519222076
1.0,12.0,74.0,0.5476827094474154
2.0,12.0,74.0,0.6207664884135473
3.0,12.0,74.0,0.625222816399287
4.0,12.0,74.0,0.5998217468805702
1.0,13.0,74.0,0.4489750445632799
2.0,13.0,74.0,0.41755793226381466
3.0,13.0,74.0,0.7357397504456329
4.0,13.0,74.0,0.4269162210338681
1.0,14.0,74.0,0.5133423790140208
2.0,14.0,74.0,0.5554047942107644
3.0,14.0,74.0,0.5739484396200815
4.0,14.0,74.0,0.5110809588421529
1.0,15.0,74.0,0.5929443690637722
2.0,15.0,74.0,0.5848032564450475
3.0,15.0,74.0,0.5323383084577115
4.0,15.0,74.0,0.602894617819991
1.0,16.0,74.0,0.6123925825418364
2.0,16.0,74.0,0.6065128900949798
3.0,16.0,74.0,0.5563093622795114
4.0,16.0,74.0,0.5879692446856627
1.0,17.0,74.0,0.5137946630483945
2.0,17.0,74.0,0.6037991858887383
3.0,17.0,74.0,0.5947535052012664
4.0,17.0,74.0,0.5979194934418817
1.0,18.0,74.0,0.5133423790140208
2.0,18.0,74.0,0.6037991858887383
3.0,18.0,74.0,0.5440976933514247
4.0,18.0,74.0,0.5685210312075983
1.0,19.0,74.0,0.3597919493441881
2.0,19.0,74.0,0.3921302578018996
3.0,19.0,74.0,0.6426956128448665
4.0,19.0,74.0,0.6087743102668476
1.0,20.0,74.0,0.5300802139037433
2.0,20.0,74.0,0.4157754010695187
3.0,20.0,74.0,0.6991978609625668
4.0,20.0,74.0,0.4487522281639928
1.0,1.0,75.0,0.5336951605608322
2.0,1.0,75.0,0.4138398914518317
3.0,1.0,75.0,0.6892808683853461
4.0,1.0,75.0,0.5707824513794663
1.0,2.0,75.0,0.42740841248303935
2.0,2.0,75.0,0.662143826322931
3.0,2.0,75.0,0.6517412935323383
4.0,2.0,75.0,0.6350067842605158
1.0,3.0,75.0,0.5716870194482134
2.0,3.0,75.0,0.47127996381727716
3.0,3.0,75.0,0.6879240162822253
4.0,3.0,75.0,0.44911804613297146
1.0,4.0,75.0,0.5658073270013569
2.0,4.0,75.0,0.5802804161013114
3.0,4.0,75.0,0.5635459068294888
4.0,4.0,75.0,0.5635459068294888
1.0,5.0,75.0,0.5067842605156038
2.0,5.0,75.0,0.4188150158299412
3.0,5.0,75.0,0.6530981456354592
4.0,5.0,75.0,0.5581184984170059
1.0,6.0,75.0,0.5061058344640434
2.0,6.0,75.0,0.5716870194482134
3.0,6.0,75.0,0.6236996834011759
4.0,6.0,75.0,0.5626413387607417
1.0,7.0,75.0,0.5982620320855616
2.0,7.0,75.0,0.6581996434937611
3.0,7.0,75.0,0.6007130124777182
4.0,7.0,75.0,0.662210338680927
1.0,8.0,75.0,0.5222816399286988
2.0,8.0,75.0,0.5298573975044563
3.0,8.0,75.0,0.5472370766488414
4.0,8.0,75.0,0.5352049910873441
1.0,9.0,75.0,0.4371325192220714
2.0,9.0,75.0,0.4459520578923564
3.0,9.0,75.0,0.5309814563545907
4.0,9.0,75.0,0.5603799185888738
1.0,10.0,75.0,0.556595365418895
2.0,10.0,75.0,0.5583778966131908
3.0,10.0,75.0,0.5521390374331551
4.0,10.0,75.0,0.5619429590017825
1.0,11.0,75.0,0.4624604251469923
2.0,11.0,75.0,0.43916779737675266
3.0,11.0,75.0,0.7236544549977387
4.0,11.0,75.0,0.4554500226142017
1.0,12.0,75.0,0.5922659430122117
2.0,12.0,75.0,0.42605156037991865
3.0,12.0,75.0,0.4685662596110358
4.0,12.0,75.0,0.57123473541384
1.0,13.0,75.0,0.5463591135232927
2.0,13.0,75.0,0.582994120307553
3.0,13.0,75.0,0.6178199909543193
4.0,13.0,75.0,0.5653550429669832
1.0,14.0,75.0,0.551470588235294
2.0,14.0,75.0,0.5842245989304812
3.0,14.0,75.0,0.6488413547237077
4.0,14.0,75.0,0.5650623885918004
1.0,15.0,75.0,0.527363184079602
2.0,15.0,75.0,0.4441429217548621
3.0,15.0,75.0,0.5775667118950703
4.0,15.0,75.0,0.44142921754862047
1.0,16.0,75.0,0.5746434937611409
2.0,16.0,75.0,0.5454545454545456
3.0,16.0,75.0,0.6590909090909092
4.0,16.0,75.0,0.5485739750445634
1.0,17.0,75.0,0.49866310160427807
2.0,17.0,75.0,0.516488413547237
3.0,17.0,75.0,0.5374331550802138
4.0,17.0,75.0,0.5084670231729054
1.0,18.0,75.0,0.45228403437358666
2.0,18.0,75.0,0.44504748982360925
3.0,18.0,75.0,0.6467661691542287
4.0,18.0,75.0,0.45906829488919043
1.0,19.0,75.0,0.6200814111261874
2.0,19.0,75.0,0.613749434644957
3.0,19.0,75.0,0.5829941203075532
4.0,19.0,75.0,0.6142017186793307
1.0,20.0,75.0,0.6578471279963818
2.0,20.0,75.0,0.6350067842605157
3.0,20.0,75.0,0.6101311623699684
4.0,20.0,75.0,0.6327453640886478
1.0,1.0,76.0,0.5294117647058824
2.0,1.0,76.0,0.642602495543672
3.0,1.0,76.0,0.5797682709447415
4.0,1.0,76.0,0.6319073083778965
1.0,2.0,76.0,0.5405525846702316
2.0,2.0,76.0,0.6100713012477719
3.0,2.0,76.0,0.5592691622103387
4.0,2.0,76.0,0.5975935828877005
1.0,3.0,76.0,0.47942107643600174
2.0,3.0,76.0,0.6485753052917234
3.0,3.0,76.0,0.5952057892356399
4.0,3.0,76.0,0.6445047489823611
1.0,4.0,76.0,0.5118092691622103
2.0,4.0,76.0,0.4402852049910875
3.0,4.0,76.0,0.6479500891265598
4.0,4.0,76.0,0.45588235294117635
1.0,5.0,76.0,0.6258912655971478
2.0,5.0,76.0,0.6648841354723708
3.0,5.0,76.0,0.5401069518716577
4.0,5.0,76.0,0.6452762923351157
1.0,6.0,76.0,0.6209859791949345
2.0,6.0,76.0,0.6811397557666216
3.0,6.0,76.0,0.5685210312075984
4.0,6.0,76.0,0.6766169154228857
1.0,7.0,76.0,0.5690730837789661
2.0,7.0,76.0,0.6185383244206774
3.0,7.0,76.0,0.49732620320855614
4.0,7.0,76.0,0.5971479500891265
1.0,8.0,76.0,0.46345811051693403
2.0,8.0,76.0,0.6172014260249554
3.0,8.0,76.0,0.6893939393939391
4.0,8.0,76.0,0.589572192513369
1.0,9.0,76.0,0.4454997738579828
2.0,9.0,76.0,0.3505201266395296
3.0,9.0,76.0,0.759384893713252
4.0,9.0,76.0,0.6585255540479422
1.0,10.0,76.0,0.4857397504456327
2.0,10.0,76.0,0.4411764705882353
3.0,10.0,76.0,0.6408199643493762
4.0,10.0,76.0,0.4572192513368984
1.0,11.0,76.0,0.537087290818634
2.0,11.0,76.0,0.47263681592039813
3.0,11.0,76.0,0.6214382632293081
4.0,11.0,76.0,0.535052012663953
1.0,12.0,76.0,0.6849841700587971
2.0,12.0,76.0,0.6517412935323383
3.0,12.0,76.0,0.5734961555857079
4.0,12.0,76.0,0.6436001809136138
1.0,13.0,76.0,0.642602495543672
2.0,13.0,76.0,0.5583778966131907
3.0,13.0,76.0,0.6100713012477719
4.0,13.0,76.0,0.5704099821746881
1.0,14.0,76.0,0.45070104025327906
2.0,14.0,76.0,0.4314789687924016
3.0,14.0,76.0,0.5893260967887834
4.0,14.0,76.0,0.5703301673450929
1.0,15.0,76.0,0.5398009950248757
2.0,15.0,76.0,0.4685662596110357
3.0,15.0,76.0,0.5988240615106287
4.0,15.0,76.0,0.4767073722297603
1.0,16.0,76.0,0.5076888285843508
2.0,16.0,76.0,0.4432383536861149
3.0,16.0,76.0,0.659882406151063
4.0,16.0,76.0,0.4676616915422885
1.0,17.0,76.0,0.48665762098597914
2.0,17.0,76.0,0.47806422433288104
3.0,17.0,76.0,0.5979194934418816
4.0,17.0,76.0,0.4902758932609679
1.0,18.0,76.0,0.4459520578923564
2.0,18.0,76.0,0.38218000904568056
3.0,18.0,76.0,0.6544549977385798
4.0,18.0,76.0,0.6101311623699682
1.0,19.0,76.0,0.5443404634581105
2.0,19.0,76.0,0.49331550802139035
3.0,19.0,76.0,0.588680926916221
4.0,19.0,76.0,0.5155971479500892
1.0,20.0,76.0,0.5058796924468566
2.0,20.0,76.0,0.4984170058796924
3.0,20.0,76.0,0.6585255540479422
4.0,20.0,76.0,0.4952510176390773
1.0,1.0,77.0,0.5352781546811397
2.0,1.0,77.0,0.4369063772048847
3.0,1.0,77.0,0.6883763003165989
4.0,1.0,77.0,0.5436454093170512
1.0,2.0,77.0,0.545906829488919
2.0,2.0,77.0,0.4038896426956128
3.0,2.0,77.0,0.6404341926729987
4.0,2.0,77.0,0.6105834464043421
1.0,3.0,77.0,0.4604251469923112
2.0,3.0,77.0,0.41791044776119396
3.0,3.0,77.0,0.6142017186793307
4.0,3.0,77.0,0.5662596110357304
1.0,4.0,77.0,0.52962460425147
2.0,4.0,77.0,0.5400271370420624
3.0,4.0,77.0,0.5517865219357758
4.0,4.0,77.0,0.48394391677973764
1.0,5.0,77.0,0.5630936227951152
2.0,5.0,77.0,0.5888738127544099
3.0,5.0,77.0,0.6264133876074176
4.0,5.0,77.0,0.592039800995025
1.0,6.0,77.0,0.5548128342245989
2.0,6.0,77.0,0.5958110516934045
3.0,6.0,77.0,0.5762032085561497
4.0,6.0,77.0,0.5998217468805705
1.0,7.0,77.0,0.5632798573975044
2.0,7.0,77.0,0.5815508021390375
3.0,7.0,77.0,0.6225490196078433
4.0,7.0,77.0,0.5842245989304812
1.0,8.0,77.0,0.517825311942959
2.0,8.0,77.0,0.6122994652406417
3.0,8.0,77.0,0.7018716577540108
4.0,8.0,77.0,0.607843137254902
1.0,9.0,77.0,0.42966983265490727
2.0,9.0,77.0,0.3817277250113071
3.0,9.0,77.0,0.6422433288104931
4.0,9.0,77.0,0.6019900497512439
1.0,10.0,77.0,0.42627770239710533
2.0,10.0,77.0,0.6092265943012212
3.0,10.0,77.0,0.5834464043419268
4.0,10.0,77.0,0.6042514699231116
1.0,11.0,77.0,0.4135472370766488
2.0,11.0,77.0,0.3948306595365418
3.0,11.0,77.0,0.6283422459893049
4.0,11.0,77.0,0.5860071301247772
1.0,12.0,77.0,0.374777183600713
2.0,12.0,77.0,0.6492869875222816
3.0,12.0,77.0,0.6439393939393937
4.0,12.0,77.0,0.6510695187165777
1.0,13.0,77.0,0.49819086386250566
2.0,13.0,77.0,0.5545002261420172
3.0,13.0,77.0,0.5603799185888738
4.0,13.0,77.0,0.5617367706919947
1.0,14.0,77.0,0.5529172320217096
2.0,14.0,77.0,0.6083220262324739
3.0,14.0,77.0,0.633649932157395
4.0,14.0,77.0,0.5884215287200361
1.0,15.0,77.0,0.5226142017186792
2.0,15.0,77.0,0.45137946630483944
3.0,15.0,77.0,0.6594301221166894
4.0,15.0,77.0,0.4644957033016734
1.0,16.0,77.0,0.4961555857078246
2.0,16.0,77.0,0.5725915875169607
3.0,16.0,77.0,0.5771144278606966
4.0,16.0,77.0,0.5848032564450476
1.0,17.0,77.0,0.6038324420677363
2.0,17.0,77.0,0.7063279857397503
3.0,17.0,77.0,0.6368092691622103
4.0,17.0,77.0,0.7170231729055259
1.0,18.0,77.0,0.43170511080958834
2.0,18.0,77.0,0.3668023518769787
3.0,18.0,77.0,0.6865671641791046
4.0,18.0,77.0,0.6526458616010855
1.0,19.0,77.0,0.5207219251336899
2.0,19.0,77.0,0.5762032085561498
3.0,19.0,77.0,0.6007130124777182
4.0,19.0,77.0,0.5570409982174687
1.0,20.0,77.0,0.5860071301247773
2.0,20.0,77.0,0.5797682709447414
3.0,20.0,77.0,0.6332442067736187
4.0,20.0,77.0,0.5614973262032085
1.0,1.0,78.0,0.5296246042514698
2.0,1.0,78.0,0.4197195838986883
3.0,1.0,78.0,0.6354590682948893
4.0,1.0,78.0,0.5739484396200814
1.0,2.0,78.0,0.6126187245590231
2.0,2.0,78.0,0.6752600633197648
3.0,2.0,78.0,0.49751243781094534
4.0,2.0,78.0,0.6725463591135235
1.0,3.0,78.0,0.5151515151515151
2.0,3.0,78.0,0.553030303030303
3.0,3.0,78.0,0.5762032085561498
4.0,3.0,78.0,0.5463458110516934
1.0,4.0,78.0,0.5445499773857984
2.0,4.0,78.0,0.6413387607417459
3.0,4.0,78.0,0.574400723654455
4.0,4.0,78.0,0.6399819086386251
1.0,5.0,78.0,0.4770499108734404
2.0,5.0,78.0,0.43226381461675584
3.0,5.0,78.0,0.6176470588235293
4.0,5.0,78.0,0.5753119429590017
1.0,6.0,78.0,0.6562641338760743
2.0,6.0,78.0,0.6720940750791498
3.0,6.0,78.0,0.4590682948891904
4.0,6.0,78.0,0.6598824061510629
1.0,7.0,78.0,0.5029398462234282
2.0,7.0,78.0,0.3952962460425146
3.0,7.0,78.0,0.7173224785165084
4.0,7.0,78.0,0.5915875169606514
1.0,8.0,78.0,0.5031194295900179
2.0,8.0,78.0,0.6501782531194296
3.0,8.0,78.0,0.6885026737967913
4.0,8.0,78.0,0.6537433155080213
1.0,9.0,78.0,0.5412210338680927
2.0,9.0,78.0,0.554812834224599
3.0,9.0,78.0,0.5993761140819964
4.0,9.0,78.0,0.5632798573975044
1.0,10.0,78.0,0.5176390773405699
2.0,10.0,78.0,0.44866576209859793
3.0,10.0,78.0,0.6386250565355044
4.0,10.0,78.0,0.47444595205789236
1.0,11.0,78.0,0.5603799185888738
2.0,11.0,78.0,0.4812302125734961
3.0,11.0,78.0,0.6748077792853913
4.0,11.0,78.0,0.4649479873360471
1.0,12.0,78.0,0.4129353233830846
2.0,12.0,78.0,0.5183175033921303
3.0,12.0,78.0,0.45680687471732256
4.0,12.0,78.0,0.4997738579828132
1.0,13.0,78.0,0.6284486657620987
2.0,13.0,78.0,0.6648575305291724
3.0,13.0,78.0,0.6241519674355497
4.0,13.0,78.0,0.6440524649479874
1.0,14.0,78.0,0.45545002261420175
2.0,14.0,78.0,0.427860696517413
3.0,14.0,78.0,0.6232473993668023
4.0,14.0,78.0,0.5825418362731796
1.0,15.0,78.0,0.6214349376114081
2.0,15.0,78.0,0.6528520499108733
3.0,15.0,78.0,0.5637254901960784
4.0,15.0,78.0,0.6452762923351156
1.0,16.0,78.0,0.582089552238806
2.0,16.0,78.0,0.5924920850293984
3.0,16.0,78.0,0.5757575757575758
4.0,16.0,78.0,0.6146540027137042
1.0,17.0,78.0,0.562189054726368
2.0,17.0,78.0,0.5734961555857078
3.0,17.0,78.0,0.6933514246947083
4.0,17.0,78.0,0.5427408412483039
1.0,18.0,78.0,0.6221166892808685
2.0,18.0,78.0,0.6725463591135235
3.0,18.0,78.0,0.7019448213478064
4.0,18.0,78.0,0.6648575305291724
1.0,19.0,78.0,0.6044776119402985
2.0,19.0,78.0,0.7114427860696518
3.0,19.0,78.0,0.7200361827227499
4.0,19.0,78.0,0.7100859339665311
1.0,20.0,78.0,0.5730438715513342
2.0,20.0,78.0,0.6472184531886025
3.0,20.0,78.0,0.701492537313433
4.0,20.0,78.0,0.6341022161917685
1.0,1.0,79.0,0.5101763907734057
2.0,1.0,79.0,0.4477611940298507
3.0,1.0,79.0,0.6648575305291724
4.0,1.0,79.0,0.46313885119855264
1.0,2.0,79.0,0.4767073722297603
2.0,2.0,79.0,0.4373586612392582
3.0,2.0,79.0,0.6449570330167345
4.0,2.0,79.0,0.4694708276797828
1.0,3.0,79.0,0.4897504456327987
2.0,3.0,79.0,0.6319073083778965
3.0,3.0,79.0,0.6114081996434936
4.0,3.0,79.0,0.6229946524064172
1.0,4.0,79.0,0.5854816824966079
2.0,4.0,79.0,0.6173677069199457
3.0,4.0,79.0,0.5730438715513343
4.0,4.0,79.0,0.598371777476255
1.0,5.0,79.0,0.4549910873440285
2.0,5.0,79.0,0.568627450980392
3.0,5.0,79.0,0.5686274509803921
4.0,5.0,79.0,0.5681818181818181
1.0,6.0,79.0,0.42201426024955435
2.0,6.0,79.0,0.642602495543672
3.0,6.0,79.0,0.6880570409982174
4.0,6.0,79.0,0.6323529411764706
1.0,7.0,79.0,0.4805517865219357
2.0,7.0,79.0,0.42107643600180916
3.0,7.0,79.0,0.6037991858887382
4.0,7.0,79.0,0.5902306648575305
1.0,8.0,79.0,0.45748530076888283
2.0,8.0,79.0,0.6015377657168701
3.0,8.0,79.0,0.6910900045228405
4.0,8.0,79.0,0.5811849841700587
1.0,9.0,79.0,0.5124777183600713
2.0,9.0,79.0,0.5334224598930482
3.0,9.0,79.0,0.5196078431372549
4.0,9.0,79.0,0.5227272727272728
1.0,10.0,79.0,0.567842605156038
2.0,10.0,79.0,0.48168249660786966
3.0,10.0,79.0,0.6558118498417007
4.0,10.0,79.0,0.5210312075983718
1.0,11.0,79.0,0.48016934046345816
2.0,11.0,79.0,0.5512477718360071
3.0,11.0,79.0,0.5846702317290553
4.0,11.0,79.0,0.5623885918003564
1.0,12.0,79.0,0.39549910873440286
2.0,12.0,79.0,0.6323529411764705
3.0,12.0,79.0,0.6969696969696969
4.0,12.0,79.0,0.6149732620320855
1.0,13.0,79.0,0.5911319073083777
2.0,13.0,79.0,0.6114081996434937
3.0,13.0,79.0,0.5387700534759359
4.0,13.0,79.0,0.5926916221033867
1.0,14.0,79.0,0.5492424242424242
2.0,14.0,79.0,0.5040106951871657
3.0,14.0,79.0,0.5543672014260249
4.0,14.0,79.0,0.5325311942959002
1.0,15.0,79.0,0.48841354723707664
2.0,15.0,79.0,0.5280748663101604
3.0,15.0,79.0,0.45811051693404636
4.0,15.0,79.0,0.518270944741533
1.0,16.0,79.0,0.4402985074626865
2.0,16.0,79.0,0.5857078245137948
3.0,16.0,79.0,0.6286748077792854
4.0,16.0,79.0,0.6056083220262325
1.0,17.0,79.0,0.574400723654455
2.0,17.0,79.0,0.5884215287200362
3.0,17.0,79.0,0.5630936227951154
4.0,17.0,79.0,0.5707824513794664
1.0,18.0,79.0,0.4514260249554368
2.0,18.0,79.0,0.5855614973262032
3.0,18.0,79.0,0.589572192513369
4.0,18.0,79.0,0.6087344028520498
1.0,19.0,79.0,0.38591800356506234
2.0,19.0,79.0,0.6644385026737968
3.0,19.0,79.0,0.6844919786096257
4.0,19.0,79.0,0.6439393939393939
1.0,20.0,79.0,0.42605156037991854
2.0,20.0,79.0,0.38263229308005436
3.0,20.0,79.0,0.6625961103573045
4.0,20.0,79.0,0.5811849841700587
1.0,1.0,80.0,0.5461329715061058
2.0,1.0,80.0,0.6250565355042966
3.0,1.0,80.0,0.5843509724106739
4.0,1.0,80.0,0.5879692446856626
1.0,2.0,80.0,0.5422885572139303
2.0,2.0,80.0,0.5608322026232474
3.0,2.0,80.0,0.550429669832655
4.0,2.0,80.0,0.542740841248304
1.0,3.0,80.0,0.5814111261872457
2.0,3.0,80.0,0.4301221166892808
3.0,3.0,80.0,0.7064676616915424
4.0,3.0,80.0,0.44052464947987335
1.0,4.0,80.0,0.535650623885918
2.0,4.0,80.0,0.6470588235294116
3.0,4.0,80.0,0.6720142602495544
4.0,4.0,80.0,0.6461675579322638
1.0,5.0,80.0,0.5565953654188949
2.0,5.0,80.0,0.4532085561497326
3.0,5.0,80.0,0.5993761140819965
4.0,5.0,80.0,0.5597147950089126
1.0,6.0,80.0,0.5111408199643493
2.0,6.0,80.0,0.43850267379679153
3.0,6.0,80.0,0.7388591800356504
4.0,6.0,80.0,0.4777183600713013
1.0,7.0,80.0,0.5835561497326203
2.0,7.0,80.0,0.44340463458110513
3.0,7.0,80.0,0.6252228163992869
4.0,7.0,80.0,0.5570409982174689
1.0,8.0,80.0,0.5385472370766488
2.0,8.0,80.0,0.6327985739750446
3.0,8.0,80.0,0.627005347593583
4.0,8.0,80.0,0.6131907308377894
1.0,9.0,80.0,0.4943464495703302
2.0,9.0,80.0,0.5404794210764361
3.0,9.0,80.0,0.6119402985074627
4.0,9.0,80.0,0.5214834916327453
1.0,10.0,80.0,0.5360962566844919
2.0,10.0,80.0,0.5222816399286988
3.0,10.0,80.0,0.6519607843137254
4.0,10.0,80.0,0.5347593582887699
1.0,11.0,80.0,0.6214382632293082
2.0,11.0,80.0,0.5956580732700136
3.0,11.0,80.0,0.5047489823609227
4.0,11.0,80.0,0.5938489371325194
1.0,12.0,80.0,0.500222816399287
2.0,12.0,80.0,0.574420677361854
3.0,12.0,80.0,0.627005347593583
4.0,12.0,80.0,0.5503565062388591
1.0,13.0,80.0,0.5230664857530529
2.0,13.0,80.0,0.5237449118046132
3.0,13.0,80.0,0.5667118950701041
4.0,13.0,80.0,0.5097241067390321
1.0,14.0,80.0,0.566711895070104
2.0,14.0,80.0,0.5133423790140208
3.0,14.0,80.0,0.5775667118950701
4.0,14.0,80.0,0.5187697874265038
1.0,15.0,80.0,0.5271370420624151
2.0,15.0,80.0,0.45499773857982817
3.0,15.0,80.0,0.6200814111261872
4.0,15.0,80.0,0.5522388059701492
1.0,16.0,80.0,0.4629127091813659
2.0,16.0,80.0,0.41383989145183175
3.0,16.0,80.0,0.6947082767978291
4.0,16.0,80.0,0.5902306648575306
1.0,17.0,80.0,0.46189839572192504
2.0,17.0,80.0,0.6256684491978609
3.0,17.0,80.0,0.7063279857397504
4.0,17.0,80.0,0.6278966131907308
1.0,18.0,80.0,0.5614973262032086
2.0,18.0,80.0,0.6581996434937611
3.0,18.0,80.0,0.5900178253119429
4.0,18.0,80.0,0.6475044563279857
1.0,19.0,80.0,0.45833333333333337
2.0,19.0,80.0,0.34759358288770054
3.0,19.0,80.0,0.7740641711229943
4.0,19.0,80.0,0.6207664884135472
1.0,20.0,80.0,0.6008593396653099
2.0,20.0,80.0,0.6268656716417912
3.0,20.0,80.0,0.6123925825418363
4.0,20.0,80.0,0.6155585707824515
1.0,1.0,81.0,0.5780189959294437
2.0,1.0,81.0,0.5621890547263683
3.0,1.0,81.0,0.6648575305291724
4.0,1.0,81.0,0.5603799185888738
1.0,2.0,81.0,0.4509271822704659
2.0,2.0,81.0,0.6074174581637267
3.0,2.0,81.0,0.6757123473541384
4.0,2.0,81.0,0.6377204884667572
1.0,3.0,81.0,0.5904568068747174
2.0,3.0,81.0,0.5639981908638625
3.0,3.0,81.0,0.6309362279511533
4.0,3.0,81.0,0.5730438715513342
1.0,4.0,81.0,0.5943012211668929
2.0,4.0,81.0,0.6033469018543645
3.0,4.0,81.0,0.5187697874265038
4.0,4.0,81.0,0.5612844866576211
1.0,5.0,81.0,0.6024423337856173
2.0,5.0,81.0,0.6517412935323383
3.0,5.0,81.0,0.5983717774762551
4.0,5.0,81.0,0.6277702397105382
1.0,6.0,81.0,0.5081411126187245
2.0,6.0,81.0,0.6060606060606062
3.0,6.0,81.0,0.6056083220262325
4.0,6.0,81.0,0.6074174581637269
1.0,7.0,81.0,0.6096256684491979
2.0,7.0,81.0,0.6760249554367201
3.0,7.0,81.0,0.6577540106951871
4.0,7.0,81.0,0.6586452762923354
1.0,8.0,81.0,0.5006784260515604
2.0,8.0,81.0,0.45635459068294887
3.0,8.0,81.0,0.608322026232474
4.0,8.0,81.0,0.49118046132971505
1.0,9.0,81.0,0.5757575757575757
2.0,9.0,81.0,0.4536408864767073
3.0,9.0,81.0,0.6838534599728631
4.0,9.0,81.0,0.45590230664857523
1.0,10.0,81.0,0.43328810492989595
2.0,10.0,81.0,0.49072817729534146
3.0,10.0,81.0,0.5020352781546812
4.0,10.0,81.0,0.4667571234735413
1.0,11.0,81.0,0.5084670231729055
2.0,11.0,81.0,0.5918003565062391
3.0,11.0,81.0,0.6550802139037434
4.0,11.0,81.0,0.5811051693404634
1.0,12.0,81.0,0.5508819538670284
2.0,12.0,81.0,0.48439620081411133
3.0,12.0,81.0,0.576662143826323
4.0,12.0,81.0,0.49525101763907736
1.0,13.0,81.0,0.5052012663952963
2.0,13.0,81.0,0.48982360922659435
3.0,13.0,81.0,0.519674355495251
4.0,13.0,81.0,0.501130710085934
1.0,14.0,81.0,0.5922659430122117
2.0,14.0,81.0,0.46042514699231124
3.0,14.0,81.0,0.4929895974672094
4.0,14.0,81.0,0.47037539574853005
1.0,15.0,81.0,0.57174688057041
2.0,15.0,81.0,0.6377005347593582
3.0,15.0,81.0,0.5868983957219251
4.0,15.0,81.0,0.6394830659536542
1.0,16.0,81.0,0.43048128342245995
2.0,16.0,81.0,0.4206773618538325
3.0,16.0,81.0,0.6096256684491979
4.0,16.0,81.0,0.43270944741532974
1.0,17.0,81.0,0.5441176470588236
2.0,17.0,81.0,0.5824420677361853
3.0,17.0,81.0,0.5423351158645277
4.0,17.0,81.0,0.5837789661319072
1.0,18.0,81.0,0.5823156942559928
2.0,18.0,81.0,0.6273179556761647
3.0,18.0,81.0,0.6399819086386251
4.0,18.0,81.0,0.6417910447761194
1.0,19.0,81.0,0.41733511586452765
2.0,19.0,81.0,0.3841354723707665
3.0,19.0,81.0,0.6586452762923352
4.0,19.0,81.0,0.6189839572192513
1.0,20.0,81.0,0.5669380370872908
2.0,20.0,81.0,0.6209859791949345
3.0,20.0,81.0,0.670737222976029
4.0,20.0,81.0,0.6114880144730891
1.0,1.0,82.0,0.5658073270013567
2.0,1.0,82.0,0.7019448213478066
3.0,1.0,82.0,0.5780189959294437
4.0,1.0,82.0,0.6969696969696971
1.0,2.0,82.0,0.5156037991858888
2.0,2.0,82.0,0.57123473541384
3.0,2.0,82.0,0.629127091813659
4.0,2.0,82.0,0.5563093622795116
1.0,3.0,82.0,0.4305744007236545
2.0,3.0,82.0,0.4084124830393487
3.0,3.0,82.0,0.5915875169606513
4.0,3.0,82.0,0.5585707824513796
1.0,4.0,82.0,0.618272274988693
2.0,4.0,82.0,0.6164631388511986
3.0,4.0,82.0,0.6417910447761195
4.0,4.0,82.0,0.6083220262324739
1.0,5.0,82.0,0.5997286295793759
2.0,5.0,82.0,0.6535504296698328
3.0,5.0,82.0,0.5567616463138851
4.0,5.0,82.0,0.6386250565355045
1.0,6.0,82.0,0.5296246042514698
2.0,6.0,82.0,0.6223428312980551
3.0,6.0,82.0,0.6490275893260969
4.0,6.0,82.0,0.6123925825418363
1.0,7.0,82.0,0.41755793226381466
2.0,7.0,82.0,0.4153297682709447
3.0,7.0,82.0,0.6016042780748664
4.0,7.0,82.0,0.5655080213903744
1.0,8.0,82.0,0.5049751243781094
2.0,8.0,82.0,0.6173677069199457
3.0,8.0,82.0,0.7598371777476255
4.0,8.0,82.0,0.5915875169606513
1.0,9.0,82.0,0.5915775401069517
2.0,9.0,82.0,0.6319073083778964
3.0,9.0,82.0,0.5668449197860962
4.0,9.0,82.0,0.625668449197861
1.0,10.0,82.0,0.6074174581637268
2.0,10.0,82.0,0.5802804161013116
3.0,10.0,82.0,0.5762098597919495
4.0,10.0,82.0,0.568973315241972
1.0,11.0,82.0,0.6058344640434192
2.0,11.0,82.0,0.5911352329262777
3.0,11.0,82.0,0.6671189507010402
4.0,11.0,82.0,0.5997286295793758
1.0,12.0,82.0,0.5753119429590018
2.0,12.0,82.0,0.5182709447415329
3.0,12.0,82.0,0.590463458110517
4.0,12.0,82.0,0.5325311942959002
1.0,13.0,82.0,0.5441176470588235
2.0,13.0,82.0,0.5347593582887701
3.0,13.0,82.0,0.5289661319073085
4.0,13.0,82.0,0.5427807486631016
1.0,14.0,82.0,0.5890999547715966
2.0,14.0,82.0,0.5002261420171866
3.0,14.0,82.0,0.6033469018543646
4.0,14.0,82.0,0.5146992311171417
1.0,15.0,82.0,0.5033422459893049
2.0,15.0,82.0,0.5231729055258467
3.0,15.0,82.0,0.533422459893048
4.0,15.0,82.0,0.5111408199643493
1.0,16.0,82.0,0.47444595205789225
2.0,16.0,82.0,0.4785165083672545
3.0,16.0,82.0,0.5902306648575304
4.0,16.0,82.0,0.5128900949796471
1.0,17.0,82.0,0.3827985739750446
2.0,17.0,82.0,0.6519607843137254
3.0,17.0,82.0,0.6065062388591802
4.0,17.0,82.0,0.6336898395721924
1.0,18.0,82.0,0.39665309814563543
2.0,18.0,82.0,0.4115784712799637
3.0,18.0,82.0,0.6286748077792855
4.0,18.0,82.0,0.41836273179556766
1.0,19.0,82.0,0.5365418894830658
2.0,19.0,82.0,0.6002673796791442
3.0,19.0,82.0,0.6033868092691623
4.0,19.0,82.0,0.5650623885918002
1.0,20.0,82.0,0.6171415649027592
2.0,20.0,82.0,0.6508367254635913
3.0,20.0,82.0,0.6906377204884668
4.0,20.0,82.0,0.6291270918136591
1.0,1.0,83.0,0.6033469018543645
2.0,1.0,83.0,0.6757123473541387
3.0,1.0,83.0,0.5807327001356851
4.0,1.0,83.0,0.6404341926729988
1.0,2.0,83.0,0.5373134328358209
2.0,2.0,83.0,0.5382180009045681
3.0,2.0,83.0,0.5174129353233832
4.0,2.0,83.0,0.5599276345545002
1.0,3.0,83.0,0.5558570782451379
2.0,3.0,83.0,0.5594753505201266
3.0,3.0,83.0,0.6137494346449571
4.0,3.0,83.0,0.5169606512890095
1.0,4.0,83.0,0.5443404634581105
2.0,4.0,83.0,0.5802139037433156
3.0,4.0,83.0,0.5655080213903744
4.0,4.0,83.0,0.5543672014260249
1.0,5.0,83.0,0.5649027589326098
2.0,5.0,83.0,0.6978742650384444
3.0,5.0,83.0,0.6865671641791046
4.0,5.0,83.0,0.6947082767978292
1.0,6.0,83.0,0.48573975044563283
2.0,6.0,83.0,0.3863636363636364
3.0,6.0,83.0,0.7005347593582888
4.0,6.0,83.0,0.60650623885918
1.0,7.0,83.0,0.5490728177295341
2.0,7.0,83.0,0.5933966530981457
3.0,7.0,83.0,0.6440524649479874
4.0,7.0,83.0,0.5929443690637721
1.0,8.0,83.0,0.5938057040998218
2.0,8.0,83.0,0.5753119429590018
3.0,8.0,83.0,0.4901960784313727
4.0,8.0,83.0,0.5646167557932266
1.0,9.0,83.0,0.5848930481283422
2.0,9.0,83.0,0.5454545454545454
3.0,9.0,83.0,0.7081105169340464
4.0,9.0,83.0,0.5601604278074866
1.0,10.0,83.0,0.5922459893048126
2.0,10.0,83.0,0.6492869875222815
3.0,10.0,83.0,0.6038324420677361
4.0,10.0,83.0,0.626559714795009
1.0,11.0,83.0,0.572638146167558
2.0,11.0,83.0,0.5762032085561497
3.0,11.0,83.0,0.5641711229946524
4.0,11.0,83.0,0.5646167557932265
1.0,12.0,83.0,0.5293984622342832
2.0,12.0,83.0,0.46042514699231113
3.0,12.0,83.0,0.576662143826323
4.0,12.0,83.0,0.48439620081411133
1.0,13.0,83.0,0.5414438502673798
2.0,13.0,83.0,0.6488413547237076
3.0,13.0,83.0,0.6515151515151515
4.0,13.0,83.0,0.6461675579322638
1.0,14.0,83.0,0.5789235639981909
2.0,14.0,83.0,0.4161013116236998
3.0,14.0,83.0,0.49163274536408874
4.0,14.0,83.0,0.582089552238806
1.0,15.0,83.0,0.5013568521031208
2.0,15.0,83.0,0.4997738579828132
3.0,15.0,83.0,0.5694255992763455
4.0,15.0,83.0,0.4970601537765718
1.0,16.0,83.0,0.4554367201426025
2.0,16.0,83.0,0.5539215686274509
3.0,16.0,83.0,0.5967023172905527
4.0,16.0,83.0,0.5788770053475936
1.0,17.0,83.0,0.43204099821746883
2.0,17.0,83.0,0.3538324420677362
3.0,17.0,83.0,0.6809269162210339
4.0,17.0,83.0,0.6154188948306595
1.0,18.0,83.0,0.5180913613749434
2.0,18.0,83.0,0.5508819538670285
3.0,18.0,83.0,0.5635459068294889
4.0,18.0,83.0,0.5391225689733152
1.0,19.0,83.0,0.4839572192513369
2.0,19.0,83.0,0.42335115864527634
3.0,19.0,83.0,0.6639928698752227
4.0,19.0,83.0,0.43939393939393934
1.0,20.0,83.0,0.4309269162210339
2.0,20.0,83.0,0.48395721925133683
3.0,20.0,83.0,0.5677361853832442
4.0,20.0,83.0,0.45811051693404636
1.0,1.0,84.0,0.5022281639928698
2.0,1.0,84.0,0.5828877005347595
3.0,1.0,84.0,0.5967023172905525
4.0,1.0,84.0,0.587344028520499
1.0,2.0,84.0,0.5180913613749434
2.0,2.0,84.0,0.39800995024875624
3.0,2.0,84.0,0.691542288557214
4.0,2.0,84.0,0.5988240615106286
1.0,3.0,84.0,0.5273631840796021
2.0,3.0,84.0,0.6164631388511986
3.0,3.0,84.0,0.5734961555857079
4.0,3.0,84.0,0.5938489371325193
1.0,4.0,84.0,0.49175579322638147
2.0,4.0,84.0,0.4852941176470589
3.0,4.0,84.0,0.619429590017825
4.0,4.0,84.0,0.46345811051693403
1.0,5.0,84.0,0.5187697874265039
2.0,5.0,84.0,0.6101311623699683
3.0,5.0,84.0,0.5920398009950248
4.0,5.0,84.0,0.587516960651289
1.0,6.0,84.0,0.525101763907734
2.0,6.0,84.0,0.48213478064224335
3.0,6.0,84.0,0.6304839439167798
4.0,6.0,84.0,0.5033921302578018
1.0,7.0,84.0,0.571301247771836
2.0,7.0,84.0,0.6154188948306593
3.0,7.0,84.0,0.49688057040998224
4.0,7.0,84.0,0.6225490196078429
1.0,8.0,84.0,0.5542740841248305
2.0,8.0,84.0,0.45409317051108083
3.0,8.0,84.0,0.5377657168701945
4.0,8.0,84.0,0.572139303482587
1.0,9.0,84.0,0.3988413547237077
2.0,9.0,84.0,0.3703208556149733
3.0,9.0,84.0,0.6448306595365418
4.0,9.0,84.0,0.625222816399287
1.0,10.0,84.0,0.48039215686274506
2.0,10.0,84.0,0.44073083778966127
3.0,10.0,84.0,0.7125668449197861
4.0,10.0,84.0,0.4647950089126559
1.0,11.0,84.0,0.5690730837789663
2.0,11.0,84.0,0.4607843137254901
3.0,11.0,84.0,0.516934046345811
4.0,11.0,84.0,0.4701426024955437
1.0,12.0,84.0,0.5651289009497964
2.0,12.0,84.0,0.4251469923111713
3.0,12.0,84.0,0.5947535052012665
4.0,12.0,84.0,0.5653550429669834
1.0,13.0,84.0,0.5586007130124776
2.0,13.0,84.0,0.6069518716577539
3.0,13.0,84.0,0.44340463458110524
4.0,13.0,84.0,0.5793226381461675
1.0,14.0,84.0,0.5472636815920396
2.0,14.0,84.0,0.5097241067390319
3.0,14.0,84.0,0.5988240615106285
4.0,14.0,84.0,0.5047489823609225
1.0,15.0,84.0,0.4688057040998217
2.0,15.0,84.0,0.4300356506238859
3.0,15.0,84.0,0.6457219251336899
4.0,15.0,84.0,0.43716577540106955
1.0,16.0,84.0,0.5530303030303031
2.0,16.0,84.0,0.45588235294117646
3.0,16.0,84.0,0.6818181818181818
4.0,16.0,84.0,0.48573975044563283
1.0,17.0,84.0,0.5374331550802139
2.0,17.0,84.0,0.45721925133689834
3.0,17.0,84.0,0.6586452762923352
4.0,17.0,84.0,0.4839572192513369
1.0,18.0,84.0,0.5807327001356852
2.0,18.0,84.0,0.5947535052012664
3.0,18.0,84.0,0.6295793758480327
4.0,18.0,84.0,0.5979194934418816
1.0,19.0,84.0,0.6146540027137043
2.0,19.0,84.0,0.63681592039801
3.0,19.0,84.0,0.5838986883763004
4.0,19.0,84.0,0.6372682044323835
1.0,20.0,84.0,0.6203208556149733
2.0,20.0,84.0,0.6920677361853832
3.0,20.0,84.0,0.7103386809269162
4.0,20.0,84.0,0.698752228163993
1.0,1.0,85.0,0.48083778966131907
2.0,1.0,85.0,0.42424242424242437
3.0,1.0,85.0,0.6417112299465242
4.0,1.0,85.0,0.46256684491978606
1.0,2.0,85.0,0.4947987336047037
2.0,2.0,85.0,0.44640434192673006
3.0,2.0,85.0,0.6327453640886477
4.0,2.0,85.0,0.5662596110357305
1.0,3.0,85.0,0.571969696969697
2.0,3.0,85.0,0.6127450980392156
3.0,3.0,85.0,0.6519607843137255
4.0,3.0,85.0,0.6002673796791442
1.0,4.0,85.0,0.6394830659536541
2.0,4.0,85.0,0.660873440285205
3.0,4.0,85.0,0.6189839572192513
4.0,4.0,85.0,0.6475044563279856
1.0,5.0,85.0,0.5630936227951154
2.0,5.0,85.0,0.6729986431478969
3.0,5.0,85.0,0.6743554952510177
4.0,5.0,85.0,0.6657620985979196
1.0,6.0,85.0,0.4568068747173225
2.0,6.0,85.0,0.6227951153324288
3.0,6.0,85.0,0.6286748077792855
4.0,6.0,85.0,0.6286748077792855
1.0,7.0,85.0,0.5988240615106285
2.0,7.0,85.0,0.5359565807327
3.0,7.0,85.0,0.5545002261420172
4.0,7.0,85.0,0.5169606512890097
1.0,8.0,85.0,0.5106951871657753
2.0,8.0,85.0,0.463458110516934
3.0,8.0,85.0,0.627450980392157
4.0,8.0,85.0,0.4714795008912656
1.0,9.0,85.0,0.5826648841354723
2.0,9.0,85.0,0.6229946524064172
3.0,9.0,85.0,0.5900178253119429
4.0,9.0,85.0,0.6033868092691623
1.0,10.0,85.0,0.5456806874717323
2.0,10.0,85.0,0.6336499321573947
3.0,10.0,85.0,0.5323383084577115
4.0,10.0,85.0,0.6368159203980099
1.0,11.0,85.0,0.5590230664857531
2.0,11.0,85.0,0.5956580732700136
3.0,11.0,85.0,0.5780189959294437
4.0,11.0,85.0,0.5599276345545003
1.0,12.0,85.0,0.4538670284938941
2.0,12.0,85.0,0.4830393487109905
3.0,12.0,85.0,0.5811849841700589
4.0,12.0,85.0,0.4699231117141565
1.0,13.0,85.0,0.4251336898395721
2.0,13.0,85.0,0.41934046345811044
3.0,13.0,85.0,0.6421568627450983
4.0,13.0,85.0,0.5837789661319073
1.0,14.0,85.0,0.5323383084577114
2.0,14.0,85.0,0.5255540479421076
3.0,14.0,85.0,0.5649027589326099
4.0,14.0,85.0,0.5137946630483943
1.0,15.0,85.0,0.5472636815920399
2.0,15.0,85.0,0.45952057892356396
3.0,15.0,85.0,0.6567164179104479
4.0,15.0,85.0,0.4843962008141113
1.0,16.0,85.0,0.5626114081996435
2.0,16.0,85.0,0.4309269162210339
3.0,16.0,85.0,0.6091800356506237
4.0,16.0,85.0,0.46167557932263814
1.0,17.0,85.0,0.49108734402852044
2.0,17.0,85.0,0.4705882352941177
3.0,17.0,85.0,0.5476827094474155
4.0,17.0,85.0,0.47771836007130125
1.0,18.0,85.0,0.41510695187165775
2.0,18.0,85.0,0.37032085561497335
3.0,18.0,85.0,0.6590909090909092
4.0,18.0,85.0,0.5980392156862745
1.0,19.0,85.0,0.6001809136137494
2.0,19.0,85.0,0.5698778833107191
3.0,19.0,85.0,0.45545002261420175
4.0,19.0,85.0,0.5680687471732248
1.0,20.0,85.0,0.4692513368983957
2.0,20.0,85.0,0.47147950089126556
3.0,20.0,85.0,0.64126559714795
4.0,20.0,85.0,0.4705882352941176
1.0,1.0,86.0,0.5976933514246947
2.0,1.0,86.0,0.37494346449570337
3.0,1.0,86.0,0.7444595205789236
4.0,1.0,86.0,0.6440524649479873
1.0,2.0,86.0,0.5345997286295794
2.0,2.0,86.0,0.6341022161917685
3.0,2.0,86.0,0.576662143826323
4.0,2.0,86.0,0.6331976481230214
1.0,3.0,86.0,0.5802804161013118
2.0,3.0,86.0,0.39167797376752606
3.0,3.0,86.0,0.6648575305291724
4.0,3.0,86.0,0.5802804161013116
1.0,4.0,86.0,0.6074174581637268
2.0,4.0,86.0,0.682948891904116
3.0,4.0,86.0,0.5725915875169608
4.0,4.0,86.0,0.6702849389416554
1.0,5.0,86.0,0.5124378109452736
2.0,5.0,86.0,0.4445952057892357
3.0,5.0,86.0,0.5866123925825418
4.0,5.0,86.0,0.5459068294889191
1.0,6.0,86.0,0.5100267379679144
2.0,6.0,86.0,0.5860071301247771
3.0,6.0,86.0,0.5967023172905523
4.0,6.0,86.0,0.5931372549019609
1.0,7.0,86.0,0.46657754010695185
2.0,7.0,86.0,0.4336007130124778
3.0,7.0,86.0,0.5668449197860962
4.0,7.0,86.0,0.552584670231729
1.0,8.0,86.0,0.5216131907308378
2.0,8.0,86.0,0.49777183600713015
3.0,8.0,86.0,0.6011586452762923
4.0,8.0,86.0,0.5080213903743316
1.0,9.0,86.0,0.5472370766488412
2.0,9.0,86.0,0.5614973262032086
3.0,9.0,86.0,0.6167557932263814
4.0,9.0,86.0,0.5418894830659536
1.0,10.0,86.0,0.6144278606965176
2.0,10.0,86.0,0.6693803708729082
3.0,10.0,86.0,0.5576662143826322
4.0,10.0,86.0,0.6644052464947988
1.0,11.0,86.0,0.46925133689839577
2.0,11.0,86.0,0.47816399286987527
3.0,11.0,86.0,0.5882352941176472
4.0,11.0,86.0,0.49064171122994654
1.0,12.0,86.0,0.5167112299465241
2.0,12.0,86.0,0.500445632798574
3.0,12.0,86.0,0.6301247771836006
4.0,12.0,86.0,0.5071301247771837
1.0,13.0,86.0,0.5570409982174688
2.0,13.0,86.0,0.6167557932263814
3.0,13.0,86.0,0.5699643493761141
4.0,13.0,86.0,0.607843137254902
1.0,14.0,86.0,0.4936680235187698
2.0,14.0,86.0,0.5404794210764359
3.0,14.0,86.0,0.485753052917232
4.0,14.0,86.0,0.5531433740388964
1.0,15.0,86.0,0.4527363184079602
2.0,15.0,86.0,0.373134328358209
3.0,15.0,86.0,0.6250565355042967
4.0,15.0,86.0,0.6006331976481232
1.0,16.0,86.0,0.44685662596110354
2.0,16.0,86.0,0.391677973767526
3.0,16.0,86.0,0.6983265490728178
4.0,16.0,86.0,0.6205336951605608
1.0,17.0,86.0,0.480169340463458
2.0,17.0,86.0,0.4893048128342246
3.0,17.0,86.0,0.6069518716577539
4.0,17.0,86.0,0.47994652406417104
1.0,18.0,86.0,0.4066033469018543
2.0,18.0,86.0,0.41067390321121666
3.0,18.0,86.0,0.5838986883763003
4.0,18.0,86.0,0.5848032564450475
1.0,19.0,86.0,0.6476707372229762
2.0,19.0,86.0,0.6571687019448215
3.0,19.0,86.0,0.5323383084577115
4.0,19.0,86.0,0.6404341926729987
1.0,20.0,86.0,0.5677361853832442
2.0,20.0,86.0,0.5672905525846703
3.0,20.0,86.0,0.5360962566844918
4.0,20.0,86.0,0.5427807486631016
1.0,1.0,87.0,0.5904568068747174
2.0,1.0,87.0,0.4875621890547263
3.0,1.0,87.0,0.7096336499321574
4.0,1.0,87.0,0.48530076888285845
1.0,2.0,87.0,0.5650623885918004
2.0,2.0,87.0,0.6065062388591801
3.0,2.0,87.0,0.5196078431372548
4.0,2.0,87.0,0.5971479500891266
1.0,3.0,87.0,0.5307486631016042
2.0,3.0,87.0,0.628787878787879
3.0,3.0,87.0,0.6399286987522284
4.0,3.0,87.0,0.6167557932263814
1.0,4.0,87.0,0.5174129353233832
2.0,4.0,87.0,0.6413387607417458
3.0,4.0,87.0,0.5644504748982362
4.0,4.0,87.0,0.6395296246042514
1.0,5.0,87.0,0.591577540106952
2.0,5.0,87.0,0.4353832442067736
3.0,5.0,87.0,0.5806595365418893
4.0,5.0,87.0,0.44206773618538314
1.0,6.0,87.0,0.5721925133689839
2.0,6.0,87.0,0.6301247771836006
3.0,6.0,87.0,0.4955436720142602
4.0,6.0,87.0,0.6399286987522282
1.0,7.0,87.0,0.44050802139037437
2.0,7.0,87.0,0.3315508021390375
3.0,7.0,87.0,0.6760249554367201
4.0,7.0,87.0,0.6778074866310162
1.0,8.0,87.0,0.4215287200361827
2.0,8.0,87.0,0.41112618724559014
3.0,8.0,87.0,0.6625961103573045
4.0,8.0,87.0,0.5893260967887832
1.0,9.0,87.0,0.4594474153297683
2.0,9.0,87.0,0.47994652406417126
3.0,9.0,87.0,0.5762032085561496
4.0,9.0,87.0,0.5196078431372548
1.0,10.0,87.0,0.5931372549019609
2.0,10.0,87.0,0.6733511586452762
3.0,10.0,87.0,0.7054367201426025
4.0,10.0,87.0,0.6573083778966131
1.0,11.0,87.0,0.550429669832655
2.0,11.0,87.0,0.5924920850293984
3.0,11.0,87.0,0.5725915875169607
4.0,11.0,87.0,0.5893260967887833
1.0,12.0,87.0,0.5325311942959001
2.0,12.0,87.0,0.5552584670231728
3.0,12.0,87.0,0.60427807486631
4.0,12.0,87.0,0.5276292335115864
1.0,13.0,87.0,0.446524064171123
2.0,13.0,87.0,0.6007130124777185
3.0,13.0,87.0,0.6546345811051694
4.0,13.0,87.0,0.5837789661319073
1.0,14.0,87.0,0.6024955436720142
2.0,14.0,87.0,0.6631016042780749
3.0,14.0,87.0,0.6065062388591802
4.0,14.0,87.0,0.6385918003565063
1.0,15.0,87.0,0.41338760741745817
2.0,15.0,87.0,0.41112618724559014
3.0,15.0,87.0,0.5838986883763002
4.0,15.0,87.0,0.5771144278606966
1.0,16.0,87.0,0.4674355495251018
2.0,16.0,87.0,0.5639981908638626
3.0,16.0,87.0,0.5834464043419268
4.0,16.0,87.0,0.5440976933514248
1.0,17.0,87.0,0.4753505201266395
2.0,17.0,87.0,0.6331976481230214
3.0,17.0,87.0,0.6684758028041611
4.0,17.0,87.0,0.631388511985527
1.0,18.0,87.0,0.5017825311942958
2.0,18.0,87.0,0.42647058823529405
3.0,18.0,87.0,0.6136363636363636
4.0,18.0,87.0,0.5819964349376114
1.0,19.0,87.0,0.4799465240641712
2.0,19.0,87.0,0.5218360071301248
3.0,19.0,87.0,0.5868983957219253
4.0,19.0,87.0,0.5240641711229947
1.0,20.0,87.0,0.5511080958842154
2.0,20.0,87.0,0.5594753505201268
3.0,20.0,87.0,0.5309814563545907
4.0,20.0,87.0,0.5594753505201266
1.0,1.0,88.0,0.5407055630936228
2.0,1.0,88.0,0.6874717322478519
3.0,1.0,88.0,0.6598824061510631
4.0,1.0,88.0,0.7060153776571688
1.0,2.0,88.0,0.5392156862745098
2.0,2.0,88.0,0.45989304812834225
3.0,2.0,88.0,0.6207664884135473
4.0,2.0,88.0,0.47103386809269165
1.0,3.0,88.0,0.41510695187165775
2.0,3.0,88.0,0.660873440285205
3.0,3.0,88.0,0.6310160427807486
4.0,3.0,88.0,0.6492869875222814
1.0,4.0,88.0,0.5201266395296247
2.0,4.0,88.0,0.47670737222976023
3.0,4.0,88.0,0.6458616010854817
4.0,4.0,88.0,0.504296698326549
1.0,5.0,88.0,0.5280748663101604
2.0,5.0,88.0,0.4946524064171124
3.0,5.0,88.0,0.6532976827094473
4.0,5.0,88.0,0.50222816399287
1.0,6.0,88.0,0.5124378109452736
2.0,6.0,88.0,0.5585707824513795
3.0,6.0,88.0,0.5857078245137948
4.0,6.0,88.0,0.5585707824513794
1.0,7.0,88.0,0.5712347354138398
2.0,7.0,88.0,0.6309362279511534
3.0,7.0,88.0,0.5757575757575758
4.0,7.0,88.0,0.6264133876074175
1.0,8.0,88.0,0.5236185383244207
2.0,8.0,88.0,0.553475935828877
3.0,8.0,88.0,0.5646167557932263
4.0,8.0,88.0,0.5601604278074866
1.0,9.0,88.0,0.4475350520126639
2.0,9.0,88.0,0.4215287200361827
3.0,9.0,88.0,0.6824966078697422
4.0,9.0,88.0,0.42514699231117137
1.0,10.0,88.0,0.4732620320855616
2.0,10.0,88.0,0.5949197860962567
3.0,10.0,88.0,0.6639928698752228
4.0,10.0,88.0,0.5949197860962568
1.0,11.0,88.0,0.5092718227046585
2.0,11.0,88.0,0.4767073722297603
3.0,11.0,88.0,0.6155585707824515
4.0,11.0,88.0,0.5165083672546359
1.0,12.0,88.0,0.5494652406417112
2.0,12.0,88.0,0.6140819964349375
3.0,12.0,88.0,0.658645276292335
4.0,12.0,88.0,0.5846702317290553
1.0,13.0,88.0,0.5312075983717774
2.0,13.0,88.0,0.59520578923564
3.0,13.0,88.0,0.5992763455450022
4.0,13.0,88.0,0.5834464043419268
1.0,14.0,88.0,0.6575311942959001
2.0,14.0,88.0,0.7384135472370768
3.0,14.0,88.0,0.6501782531194297
4.0,14.0,88.0,0.7237076648841355
1.0,15.0,88.0,0.6250565355042969
2.0,15.0,88.0,0.6824966078697423
3.0,15.0,88.0,0.6775214834916329
4.0,15.0,88.0,0.6748077792853914
1.0,16.0,88.0,0.49027589326096793
2.0,16.0,88.0,0.5671641791044776
3.0,16.0,88.0,0.5888738127544098
4.0,16.0,88.0,0.5775667118950701
1.0,17.0,88.0,0.45137946630483944
2.0,17.0,88.0,0.47037539574853
3.0,17.0,88.0,0.574400723654455
4.0,17.0,88.0,0.47580280416101306
1.0,18.0,88.0,0.5721393034825872
2.0,18.0,88.0,0.44188150158299405
3.0,18.0,88.0,0.5730438715513342
4.0,18.0,88.0,0.4531886024423338
1.0,19.0,88.0,0.5848930481283424
2.0,19.0,88.0,0.568627450980392
3.0,19.0,88.0,0.6136363636363636
4.0,19.0,88.0,0.5530303030303029
1.0,20.0,88.0,0.6143048128342248
2.0,20.0,88.0,0.6408199643493759
3.0,20.0,88.0,0.6693404634581105
4.0,20.0,88.0,0.6310160427807486
1.0,1.0,89.0,0.4706015377657169
2.0,1.0,89.0,0.3835368611488014
3.0,1.0,89.0,0.6363636363636365
4.0,1.0,89.0,0.6142017186793307
1.0,2.0,89.0,0.5574866310160428
2.0,2.0,89.0,0.4540998217468805
3.0,2.0,89.0,0.6858288770053476
4.0,2.0,89.0,0.4879679144385027
1.0,3.0,89.0,0.5750891265597149
2.0,3.0,89.0,0.6341354723707664
3.0,3.0,89.0,0.6127450980392158
4.0,3.0,89.0,0.625222816399287
1.0,4.0,89.0,0.6626559714795008
2.0,4.0,89.0,0.6648841354723706
3.0,4.0,89.0,0.4893048128342246
4.0,4.0,89.0,0.6510695187165774
1.0,5.0,89.0,0.4497964721845319
2.0,5.0,89.0,0.6037991858887382
3.0,5.0,89.0,0.6567164179104478
4.0,5.0,89.0,0.6019900497512439
1.0,6.0,89.0,0.49331550802139046
2.0,6.0,89.0,0.6038324420677361
3.0,6.0,89.0,0.6911764705882353
4.0,6.0,89.0,0.5860071301247771
1.0,7.0,89.0,0.4739936680235188
2.0,7.0,89.0,0.48168249660786977
3.0,7.0,89.0,0.5065581184984169
4.0,7.0,89.0,0.5377657168701945
1.0,8.0,89.0,0.46167557932263814
2.0,8.0,89.0,0.3863636363636364
3.0,8.0,89.0,0.7112299465240641
4.0,8.0,89.0,0.6180926916221032
1.0,9.0,89.0,0.6454093170511082
2.0,9.0,89.0,0.5961103573043871
3.0,9.0,89.0,0.5418362731795567
4.0,9.0,89.0,0.6164631388511986
1.0,10.0,89.0,0.41934046345811055
2.0,10.0,89.0,0.3921568627450979
3.0,10.0,89.0,0.5762032085561498
4.0,10.0,89.0,0.5998217468805704
1.0,11.0,89.0,0.5554047942107644
2.0,11.0,89.0,0.5662596110357303
3.0,11.0,89.0,0.6074174581637269
4.0,11.0,89.0,0.5531433740388964
1.0,12.0,89.0,0.5349821746880571
2.0,12.0,89.0,0.4590017825311943
3.0,12.0,89.0,0.5940285204991087
4.0,12.0,89.0,0.4607843137254903
1.0,13.0,89.0,0.5850293984622343
2.0,13.0,89.0,0.6512890094979648
3.0,13.0,89.0,0.5816372682044324
4.0,13.0,89.0,0.6173677069199458
1.0,14.0,89.0,0.5519162210338681
2.0,14.0,89.0,0.6595365418894829
3.0,14.0,89.0,0.6051693404634579
4.0,14.0,89.0,0.6492869875222814
1.0,15.0,89.0,0.5305258467023172
2.0,15.0,89.0,0.4901960784313725
3.0,15.0,89.0,0.7005347593582887
4.0,15.0,89.0,0.47370766488413557
1.0,16.0,89.0,0.5637720488466759
2.0,16.0,89.0,0.45771144278606973
3.0,16.0,89.0,0.5214834916327453
4.0,16.0,89.0,0.4644957033016735
1.0,17.0,89.0,0.5576662143826324
2.0,17.0,89.0,0.43781094527363196
3.0,17.0,89.0,0.5445499773857982
4.0,17.0,89.0,0.5721393034825871
1.0,18.0,89.0,0.5680687471732248
2.0,18.0,89.0,0.6779737675260064
3.0,18.0,89.0,0.6540027137042064
4.0,18.0,89.0,0.6734509271822705
1.0,19.0,89.0,0.5811849841700588
2.0,19.0,89.0,0.6047037539574853
3.0,19.0,89.0,0.5477159656264133
4.0,19.0,89.0,0.6155585707824514
1.0,20.0,89.0,0.49777183600713026
2.0,20.0,89.0,0.3783422459893048
3.0,20.0,89.0,0.8074866310160427
4.0,20.0,89.0,0.39572192513368976
1.0,1.0,90.0,0.5499773857982814
2.0,1.0,90.0,0.6295793758480326
3.0,1.0,90.0,0.5499773857982814
4.0,1.0,90.0,0.6359113523292629
1.0,2.0,90.0,0.5067842605156039
2.0,2.0,90.0,0.6101311623699683
3.0,2.0,90.0,0.555857078245138
4.0,2.0,90.0,0.5965626413387607
1.0,3.0,90.0,0.623885918003565
2.0,3.0,90.0,0.6733511586452763
3.0,3.0,90.0,0.5579322638146168
4.0,3.0,90.0,0.660427807486631
1.0,4.0,90.0,0.6301247771836007
2.0,4.0,90.0,0.6671122994652406
3.0,4.0,90.0,0.5788770053475935
4.0,4.0,90.0,0.6577540106951872
1.0,5.0,90.0,0.6087743102668478
2.0,5.0,90.0,0.6395296246042514
3.0,5.0,90.0,0.6155585707824514
4.0,5.0,90.0,0.6164631388511985
1.0,6.0,90.0,0.4696969696969696
2.0,6.0,90.0,0.42695612844866576
3.0,6.0,90.0,0.6648575305291724
4.0,6.0,90.0,0.43057440072365444
1.0,7.0,90.0,0.5432263814616756
2.0,7.0,90.0,0.5646167557932263
3.0,7.0,90.0,0.5677361853832442
4.0,7.0,90.0,0.5508021390374331
1.0,8.0,90.0,0.46724598930481287
2.0,8.0,90.0,0.45721925133689845
3.0,8.0,90.0,0.6430481283422459
4.0,8.0,90.0,0.46613190730837784
1.0,9.0,90.0,0.5264586160108549
2.0,9.0,90.0,0.4355495251017639
3.0,9.0,90.0,0.6363636363636365
4.0,9.0,90.0,0.5594753505201266
1.0,10.0,90.0,0.6589778380823157
2.0,10.0,90.0,0.6879240162822253
3.0,10.0,90.0,0.6173677069199458
4.0,10.0,90.0,0.6743554952510177
1.0,11.0,90.0,0.5788770053475936
2.0,11.0,90.0,0.6354723707664885
3.0,11.0,90.0,0.6537433155080212
4.0,11.0,90.0,0.6243315508021391
1.0,12.0,90.0,0.5210312075983717
2.0,12.0,90.0,0.4617819990954319
3.0,12.0,90.0,0.6300316598824061
4.0,12.0,90.0,0.4753505201266396
1.0,13.0,90.0,0.49688057040998224
2.0,13.0,90.0,0.42335115864527634
3.0,13.0,90.0,0.5886809269162211
4.0,13.0,90.0,0.5601604278074866
1.0,14.0,90.0,0.6368159203980099
2.0,14.0,90.0,0.5165083672546358
3.0,14.0,90.0,0.7290818634102216
4.0,14.0,90.0,0.5178652193577566
1.0,15.0,90.0,0.5782085561497324
2.0,15.0,90.0,0.6457219251336898
3.0,15.0,90.0,0.6844919786096259
4.0,15.0,90.0,0.6189839572192511
1.0,16.0,90.0,0.4556595365418895
2.0,16.0,90.0,0.5334224598930482
3.0,16.0,90.0,0.5837789661319074
4.0,16.0,90.0,0.45944741532976824
1.0,17.0,90.0,0.6486185383244205
2.0,17.0,90.0,0.6417112299465241
3.0,17.0,90.0,0.6506238859180036
4.0,17.0,90.0,0.6613190730837791
1.0,18.0,90.0,0.6278966131907305
2.0,18.0,90.0,0.6390374331550802
3.0,18.0,90.0,0.6136363636363636
4.0,18.0,90.0,0.6385918003565061
1.0,19.0,90.0,0.5671641791044776
2.0,19.0,90.0,0.4676616915422886
3.0,19.0,90.0,0.6218905472636816
4.0,19.0,90.0,0.48756218905472637
1.0,20.0,90.0,0.4699231117141564
2.0,20.0,90.0,0.6295793758480327
3.0,20.0,90.0,0.7268204432383537
4.0,20.0,90.0,0.6019900497512439
1.0,1.0,91.0,0.6110357304387156
2.0,1.0,91.0,0.5888738127544099
3.0,1.0,91.0,0.5074626865671642
4.0,1.0,91.0,0.5680687471732249
1.0,2.0,91.0,0.6490275893260969
2.0,2.0,91.0,0.6264133876074175
3.0,2.0,91.0,0.5101763907734058
4.0,2.0,91.0,0.5961103573043872
1.0,3.0,91.0,0.5232926277702398
2.0,3.0,91.0,0.5115332428765264
3.0,3.0,91.0,0.6748077792853913
4.0,3.0,91.0,0.5061058344640432
1.0,4.0,91.0,0.46901854364540935
2.0,4.0,91.0,0.4748982360922659
3.0,4.0,91.0,0.5373134328358208
4.0,4.0,91.0,0.5269109000452283
1.0,5.0,91.0,0.5688502673796793
2.0,5.0,91.0,0.42691622103386817
3.0,5.0,91.0,0.5619429590017825
4.0,5.0,91.0,0.5873440285204992
1.0,6.0,91.0,0.48620533695160556
2.0,6.0,91.0,0.4762550881953867
3.0,6.0,91.0,0.522840343735866
4.0,6.0,91.0,0.5237449118046134
1.0,7.0,91.0,0.5508021390374331
2.0,7.0,91.0,0.5770944741532977
3.0,7.0,91.0,0.5561497326203209
4.0,7.0,91.0,0.5793226381461676
1.0,8.0,91.0,0.5494652406417112
2.0,8.0,91.0,0.4496434937611408
3.0,8.0,91.0,0.675579322638146
4.0,8.0,91.0,0.446078431372549
1.0,9.0,91.0,0.5946969696969697
2.0,9.0,91.0,0.6372549019607844
3.0,9.0,91.0,0.6510695187165775
4.0,9.0,91.0,0.6377005347593581
1.0,10.0,91.0,0.5375395748530076
2.0,10.0,91.0,0.4613297150610584
3.0,10.0,91.0,0.6702849389416554
4.0,10.0,91.0,0.47308909995477166
1.0,11.0,91.0,0.5240641711229945
2.0,11.0,91.0,0.5472370766488412
3.0,11.0,91.0,0.5909090909090908
4.0,11.0,91.0,0.5311942959001783
1.0,12.0,91.0,0.5852555404794211
2.0,12.0,91.0,0.6381727725011308
3.0,12.0,91.0,0.616010854816825
4.0,12.0,91.0,0.6132971506105834
1.0,13.0,91.0,0.5128900949796471
2.0,13.0,91.0,0.6132971506105835
3.0,13.0,91.0,0.63681592039801
4.0,13.0,91.0,0.6078697421981005
1.0,14.0,91.0,0.5846702317290552
2.0,14.0,91.0,0.6506238859180036
3.0,14.0,91.0,0.5512477718360069
4.0,14.0,91.0,0.6234402852049911
1.0,15.0,91.0,0.5875668449197861
2.0,15.0,91.0,0.6697860962566844
3.0,15.0,91.0,0.6773618538324421
4.0,15.0,91.0,0.6836007130124777
1.0,16.0,91.0,0.5251017639077341
2.0,16.0,91.0,0.6363636363636365
3.0,16.0,91.0,0.5649027589326097
4.0,16.0,91.0,0.6341022161917685
1.0,17.0,91.0,0.5855614973262031
2.0,17.0,91.0,0.5521390374331551
3.0,17.0,91.0,0.5949197860962565
4.0,17.0,91.0,0.5632798573975044
1.0,18.0,91.0,0.5038444142921754
2.0,18.0,91.0,0.5029398462234284
3.0,18.0,91.0,0.5639981908638626
4.0,18.0,91.0,0.5323383084577115
1.0,19.0,91.0,0.6615418894830658
2.0,19.0,91.0,0.7045454545454544
3.0,19.0,91.0,0.7067736185383242
4.0,19.0,91.0,0.6889483065953652
1.0,20.0,91.0,0.5768716577540106
2.0,20.0,91.0,0.6426024955436719
3.0,20.0,91.0,0.6457219251336898
4.0,20.0,91.0,0.6434937611408199
1.0,1.0,92.0,0.5409317051108097
2.0,1.0,92.0,0.5816372682044324
3.0,1.0,92.0,0.5350520126639531
4.0,1.0,92.0,0.5703301673450927
1.0,2.0,92.0,0.4654002713704206
2.0,2.0,92.0,0.5486205336951605
3.0,2.0,92.0,0.6512890094979648
4.0,2.0,92.0,0.5341474445952058
1.0,3.0,92.0,0.46947082767978293
2.0,3.0,92.0,0.6404341926729986
3.0,3.0,92.0,0.6558118498417007
4.0,3.0,92.0,0.6322930800542741
1.0,4.0,92.0,0.6006331976481231
2.0,4.0,92.0,0.646766169154229
3.0,4.0,92.0,0.48303934871099047
4.0,4.0,92.0,0.6490275893260969
1.0,5.0,92.0,0.5461329715061057
2.0,5.0,92.0,0.46856625961103576
3.0,5.0,92.0,0.6752600633197648
4.0,5.0,92.0,0.45725915875169604
1.0,6.0,92.0,0.5273631840796021
2.0,6.0,92.0,0.6092265943012211
3.0,6.0,92.0,0.555857078245138
4.0,6.0,92.0,0.6060606060606061
1.0,7.0,92.0,0.5875668449197862
2.0,7.0,92.0,0.5619429590017826
3.0,7.0,92.0,0.5200534759358288
4.0,7.0,92.0,0.5650623885918005
1.0,8.0,92.0,0.5606060606060604
2.0,8.0,92.0,0.6243315508021391
3.0,8.0,92.0,0.6501782531194297
4.0,8.0,92.0,0.6082887700534759
1.0,9.0,92.0,0.5713012477718361
2.0,9.0,92.0,0.6782531194295901
3.0,9.0,92.0,0.5352049910873441
4.0,9.0,92.0,0.6893939393939392
1.0,10.0,92.0,0.5249554367201426
2.0,10.0,92.0,0.4483065953654189
3.0,10.0,92.0,0.6332442067736186
4.0,10.0,92.0,0.465686274509804
1.0,11.0,92.0,0.5213903743315507
2.0,11.0,92.0,0.5343137254901961
3.0,11.0,92.0,0.5980392156862746
4.0,11.0,92.0,0.5098039215686274
1.0,12.0,92.0,0.4654634581105169
2.0,12.0,92.0,0.4603386809269162
3.0,12.0,92.0,0.6532976827094473
4.0,12.0,92.0,0.47237076648841364
1.0,13.0,92.0,0.5063319764812302
2.0,13.0,92.0,0.438715513342379
3.0,13.0,92.0,0.6449570330167347
4.0,13.0,92.0,0.4468566259611035
1.0,14.0,92.0,0.5958110516934046
2.0,14.0,92.0,0.6163101604278074
3.0,14.0,92.0,0.6131907308377896
4.0,14.0,92.0,0.6131907308377897
1.0,15.0,92.0,0.5
2.0,15.0,92.0,0.5052012663952963
3.0,15.0,92.0,0.5115332428765264
4.0,15.0,92.0,0.4748982360922659
1.0,16.0,92.0,0.535204991087344
2.0,16.0,92.0,0.6653297682709447
3.0,16.0,92.0,0.6947415329768272
4.0,16.0,92.0,0.6626559714795008
1.0,17.0,92.0,0.4577114427860697
2.0,17.0,92.0,0.6472184531886025
3.0,17.0,92.0,0.753957485300769
4.0,17.0,92.0,0.6187245590230666
1.0,18.0,92.0,0.6078697421981005
2.0,18.0,92.0,0.5676164631388513
3.0,18.0,92.0,0.5201266395296247
4.0,18.0,92.0,0.55359565807327
1.0,19.0,92.0,0.6116310160427809
2.0,19.0,92.0,0.6038324420677362
3.0,19.0,92.0,0.5258467023172906
4.0,19.0,92.0,0.6029411764705883
1.0,20.0,92.0,0.4443690637720488
2.0,20.0,92.0,0.4423337856173678
3.0,20.0,92.0,0.582994120307553
4.0,20.0,92.0,0.4360018091361376
1.0,1.0,93.0,0.5608322026232475
2.0,1.0,93.0,0.7078245137946632
3.0,1.0,93.0,0.5680687471732249
4.0,1.0,93.0,0.7023971053821801
1.0,2.0,93.0,0.5728177295341474
2.0,2.0,93.0,0.39891451831750335
3.0,2.0,93.0,0.7598371777476256
4.0,2.0,93.0,0.5608322026232474
1.0,3.0,93.0,0.4222370766488413
2.0,3.0,93.0,0.5926916221033869
3.0,3.0,93.0,0.6488413547237075
4.0,3.0,93.0,0.5971479500891267
1.0,4.0,93.0,0.49660786974219817
2.0,4.0,93.0,0.3568521031207598
3.0,4.0,93.0,0.6942559927634556
4.0,4.0,93.0,0.6426956128448666
1.0,5.0,93.0,0.4367201426024956
2.0,5.0,93.0,0.4220142602495545
3.0,5.0,93.0,0.6229946524064172
4.0,5.0,93.0,0.5860071301247772
1.0,6.0,93.0,0.47354138398914514
2.0,6.0,93.0,0.5626413387607417
3.0,6.0,93.0,0.6834011759384894
4.0,6.0,93.0,0.5526910900045228
1.0,7.0,93.0,0.5312075983717774
2.0,7.0,93.0,0.6856625961103575
3.0,7.0,93.0,0.5965626413387607
4.0,7.0,93.0,0.6797829036635007
1.0,8.0,93.0,0.48217468805704095
2.0,8.0,93.0,0.47905525846702324
3.0,8.0,93.0,0.5828877005347595
4.0,8.0,93.0,0.47459893048128343
1.0,9.0,93.0,0.5576662143826324
2.0,9.0,93.0,0.6160108548168248
3.0,9.0,93.0,0.6123925825418363
4.0,9.0,93.0,0.6056083220262324
1.0,10.0,93.0,0.5075757575757576
2.0,10.0,93.0,0.47281639928698754
3.0,10.0,93.0,0.5499108734402851
4.0,10.0,93.0,0.463903743315508
1.0,11.0,93.0,0.4568068747173225
2.0,11.0,93.0,0.44821347806422435
3.0,11.0,93.0,0.6806874717322479
4.0,11.0,93.0,0.4513794663048395
1.0,12.0,93.0,0.5266847580280416
2.0,12.0,93.0,0.5165083672546359
3.0,12.0,93.0,0.5924920850293987
4.0,12.0,93.0,0.5232926277702397
1.0,13.0,93.0,0.4800995024875621
2.0,13.0,93.0,0.45771144278606973
3.0,13.0,93.0,0.6517412935323383
4.0,13.0,93.0,0.5517865219357757
1.0,14.0,93.0,0.5085933966530981
2.0,14.0,93.0,0.5033921302578018
3.0,14.0,93.0,0.5345997286295795
4.0,14.0,93.0,0.49706015377657164
1.0,15.0,93.0,0.5262324739936681
2.0,15.0,93.0,0.5829941203075532
3.0,15.0,93.0,0.5911352329262778
4.0,15.0,93.0,0.5590230664857531
1.0,16.0,93.0,0.613975576662144
2.0,16.0,93.0,0.6901854364540934
3.0,16.0,93.0,0.6123925825418363
4.0,16.0,93.0,0.7028493894165537
1.0,17.0,93.0,0.4385026737967916
2.0,17.0,93.0,0.4723707664884135
3.0,17.0,93.0,0.60427807486631
4.0,17.0,93.0,0.5570409982174689
1.0,18.0,93.0,0.556595365418895
2.0,18.0,93.0,0.640819964349376
3.0,18.0,93.0,0.6836007130124778
4.0,18.0,93.0,0.6390374331550801
1.0,19.0,93.0,0.4962121212121212
2.0,19.0,93.0,0.4032976827094475
3.0,19.0,93.0,0.6631016042780749
4.0,19.0,93.0,0.4291443850267379
1.0,20.0,93.0,0.38547237076648844
2.0,20.0,93.0,0.6684491978609625
3.0,20.0,93.0,0.7259358288770053
4.0,20.0,93.0,0.6737967914438502
1.0,1.0,94.0,0.5219357756671189
2.0,1.0,94.0,0.4726368159203979
3.0,1.0,94.0,0.6603346901854366
4.0,1.0,94.0,0.47715965626413387
1.0,2.0,94.0,0.5314337403889643
2.0,2.0,94.0,0.6196291270918136
3.0,2.0,94.0,0.6151062867480779
4.0,2.0,94.0,0.5947535052012665
1.0,3.0,94.0,0.5895522388059703
2.0,3.0,94.0,0.6200814111261874
3.0,3.0,94.0,0.5789235639981909
4.0,3.0,94.0,0.6083220262324741
1.0,4.0,94.0,0.4947987336047037
2.0,4.0,94.0,0.4450474898236092
3.0,4.0,94.0,0.5861601085481684
4.0,4.0,94.0,0.540479421076436
1.0,5.0,94.0,0.5049751243781095
2.0,5.0,94.0,0.5875169606512891
3.0,5.0,94.0,0.5495251017639078
4.0,5.0,94.0,0.5838986883763004
1.0,6.0,94.0,0.37155133423790143
2.0,6.0,94.0,0.303030303030303
3.0,6.0,94.0,0.592944369063772
4.0,6.0,94.0,0.6974219810040706
1.0,7.0,94.0,0.6185383244206775
2.0,7.0,94.0,0.6278966131907306
3.0,7.0,94.0,0.5111408199643495
4.0,7.0,94.0,0.5993761140819963
1.0,8.0,94.0,0.4710538218000905
2.0,8.0,94.0,0.44730890999547707
3.0,8.0,94.0,0.5771144278606964
4.0,8.0,94.0,0.46042514699231124
1.0,9.0,94.0,0.5088195386702848
2.0,9.0,94.0,0.5436454093170511
3.0,9.0,94.0,0.5174129353233832
4.0,9.0,94.0,0.5450022614201718
1.0,10.0,94.0,0.5479055258467023
2.0,10.0,94.0,0.5699643493761141
3.0,10.0,94.0,0.5316399286987523
4.0,10.0,94.0,0.570855614973262
1.0,11.0,94.0,0.60650623885918
2.0,11.0,94.0,0.5766488413547237
3.0,11.0,94.0,0.588680926916221
4.0,11.0,94.0,0.571301247771836
1.0,12.0,94.0,0.47103386809269165
2.0,12.0,94.0,0.5262923351158644
3.0,12.0,94.0,0.5922459893048128
4.0,12.0,94.0,0.5231729055258467
1.0,13.0,94.0,0.5144730890999547
2.0,13.0,94.0,0.5798281320669381
3.0,13.0,94.0,0.6901854364540934
4.0,13.0,94.0,0.5649027589326097
1.0,14.0,94.0,0.5066844919786095
2.0,14.0,94.0,0.5512477718360073
3.0,14.0,94.0,0.6497326203208557
4.0,14.0,94.0,0.445187165775401
1.0,15.0,94.0,0.6042514699231117
2.0,15.0,94.0,0.6426956128448665
3.0,15.0,94.0,0.6146540027137043
4.0,15.0,94.0,0.6336499321573948
1.0,16.0,94.0,0.5374331550802138
2.0,16.0,94.0,0.5989304812834224
3.0,16.0,94.0,0.6377005347593583
4.0,16.0,94.0,0.5940285204991087
1.0,17.0,94.0,0.6024955436720142
2.0,17.0,94.0,0.6180926916221033
3.0,17.0,94.0,0.5815508021390374
4.0,17.0,94.0,0.6363636363636365
1.0,18.0,94.0,0.427860696517413
2.0,18.0,94.0,0.5721393034825871
3.0,18.0,94.0,0.5685210312075983
4.0,18.0,94.0,0.5608322026232475
1.0,19.0,94.0,0.5131461675579323
2.0,19.0,94.0,0.45320855614973254
3.0,19.0,94.0,0.6229946524064172
4.0,19.0,94.0,0.4781639928698753
1.0,20.0,94.0,0.5777629233511586
2.0,20.0,94.0,0.5877896613190731
3.0,20.0,94.0,0.5998217468805705
4.0,20.0,94.0,0.5819964349376113
1.0,1.0,95.0,0.5047489823609226
2.0,1.0,95.0,0.46178199909543194
3.0,1.0,95.0,0.6440524649479874
4.0,1.0,95.0,0.48077792853912266
1.0,2.0,95.0,0.6134135472370764
2.0,2.0,95.0,0.6492869875222815
3.0,2.0,95.0,0.520053475935829
4.0,2.0,95.0,0.6622103386809268
1.0,3.0,95.0,0.48756218905472637
2.0,3.0,95.0,0.461781999095432
3.0,3.0,95.0,0.6476707372229761
4.0,3.0,95.0,0.4721845318860245
1.0,4.0,95.0,0.5714608774310267
2.0,4.0,95.0,0.5992763455450023
3.0,4.0,95.0,0.5644504748982362
4.0,4.0,95.0,0.5762098597919495
1.0,5.0,95.0,0.6147504456327986
2.0,5.0,95.0,0.5298573975044564
3.0,5.0,95.0,0.6087344028520498
4.0,5.0,95.0,0.517825311942959
1.0,6.0,95.0,0.44007236544549977
2.0,6.0,95.0,0.5567616463138851
3.0,6.0,95.0,0.5961103573043872
4.0,6.0,95.0,0.5549525101763908
1.0,7.0,95.0,0.4052464947987336
2.0,7.0,95.0,0.6739032112166441
3.0,7.0,95.0,0.7001356852103122
4.0,7.0,95.0,0.6594301221166894
1.0,8.0,95.0,0.5011307100859339
2.0,8.0,95.0,0.4667571234735415
3.0,8.0,95.0,0.7096336499321574
4.0,8.0,95.0,0.5156037991858886
1.0,9.0,95.0,0.5940285204991087
2.0,9.0,95.0,0.5833333333333333
3.0,9.0,95.0,0.6185383244206774
4.0,9.0,95.0,0.5677361853832441
1.0,10.0,95.0,0.5110809588421529
2.0,10.0,95.0,0.4391677973767527
3.0,10.0,95.0,0.6390773405698779
4.0,10.0,95.0,0.5671641791044776
1.0,11.0,95.0,0.4977718360071301
2.0,11.0,95.0,0.5735294117647057
3.0,11.0,95.0,0.6443850267379679
4.0,11.0,95.0,0.5663992869875224
1.0,12.0,95.0,0.5608322026232473
2.0,12.0,95.0,0.5707824513794664
3.0,12.0,95.0,0.5970149253731343
4.0,12.0,95.0,0.5481682496607869
1.0,13.0,95.0,0.48824061510628686
2.0,13.0,95.0,0.5734961555857079
3.0,13.0,95.0,0.5875169606512891
4.0,13.0,95.0,0.555857078245138
1.0,14.0,95.0,0.5601604278074866
2.0,14.0,95.0,0.6145276292335115
3.0,14.0,95.0,0.6729055258467023
4.0,14.0,95.0,0.6105169340463455
1.0,15.0,95.0,0.4857397504456328
2.0,15.0,95.0,0.5940285204991088
3.0,15.0,95.0,0.690730837789661
4.0,15.0,95.0,0.571301247771836
1.0,16.0,95.0,0.552464947987336
2.0,16.0,95.0,0.602894617819991
3.0,16.0,95.0,0.5943012211668929
4.0,16.0,95.0,0.579828132066938
1.0,17.0,95.0,0.5401069518716578
2.0,17.0,95.0,0.6782531194295899
3.0,17.0,95.0,0.6622103386809269
4.0,17.0,95.0,0.6644385026737967
1.0,18.0,95.0,0.5474598930481284
2.0,18.0,95.0,0.5204991087344029
3.0,18.0,95.0,0.6020499108734404
4.0,18.0,95.0,0.5200534759358288
1.0,19.0,95.0,0.6092265943012214
2.0,19.0,95.0,0.6381727725011308
3.0,19.0,95.0,0.667571234735414
4.0,19.0,95.0,0.6291270918136592
1.0,20.0,95.0,0.5649027589326097
2.0,20.0,95.0,0.49796472184531887
3.0,20.0,95.0,0.6748077792853913
4.0,20.0,95.0,0.5214834916327454
1.0,1.0,96.0,0.48530076888285845
2.0,1.0,96.0,0.5807327001356852
3.0,1.0,96.0,0.639981908638625
4.0,1.0,96.0,0.5721393034825871
1.0,2.0,96.0,0.5685210312075984
2.0,2.0,96.0,0.4427860696517414
3.0,2.0,96.0,0.5626413387607417
4.0,2.0,96.0,0.4880144730891
1.0,3.0,96.0,0.47354138398914514
2.0,3.0,96.0,0.5730438715513342
3.0,3.0,96.0,0.6155585707824515
4.0,3.0,96.0,0.5594753505201265
1.0,4.0,96.0,0.5958842152872004
2.0,4.0,96.0,0.6481230212573498
3.0,4.0,96.0,0.6101311623699683
4.0,4.0,96.0,0.631388511985527
1.0,5.0,96.0,0.5988240615106288
2.0,5.0,96.0,0.649932157394844
3.0,5.0,96.0,0.6024423337856175
4.0,5.0,96.0,0.6644052464947987
1.0,6.0,96.0,0.540479421076436
2.0,6.0,96.0,0.5902306648575305
3.0,6.0,96.0,0.6449570330167346
4.0,6.0,96.0,0.5875169606512891
1.0,7.0,96.0,0.47037539574852993
2.0,7.0,96.0,0.61284486657621
3.0,7.0,96.0,0.6327453640886478
4.0,7.0,96.0,0.6065128900949798
1.0,8.0,96.0,0.4349376114081996
2.0,8.0,96.0,0.5998217468805704
3.0,8.0,96.0,0.6189839572192513
4.0,8.0,96.0,0.6127450980392157
1.0,9.0,96.0,0.5452284034373587
2.0,9.0,96.0,0.46313885119855275
3.0,9.0,96.0,0.6408864767073723
4.0,9.0,96.0,0.5309814563545906
1.0,10.0,96.0,0.48213478064224335
2.0,10.0,96.0,0.4663048394391678
3.0,10.0,96.0,0.611488014473089
4.0,10.0,96.0,0.4911804613297151
1.0,11.0,96.0,0.5095811051693404
2.0,11.0,96.0,0.4358288770053476
3.0,11.0,96.0,0.6354723707664882
4.0,11.0,96.0,0.5485739750445633
1.0,12.0,96.0,0.48710990502035284
2.0,12.0,96.0,0.530529172320217
3.0,12.0,96.0,0.561284486657621
4.0,12.0,96.0,0.5006784260515603
1.0,13.0,96.0,0.6236996834011761
2.0,13.0,96.0,0.5685210312075984
3.0,13.0,96.0,0.5861601085481684
4.0,13.0,96.0,0.582089552238806
1.0,14.0,96.0,0.5392156862745098
2.0,14.0,96.0,0.6011586452762924
3.0,14.0,96.0,0.71524064171123
4.0,14.0,96.0,0.587344028520499
1.0,15.0,96.0,0.45952057892356396
2.0,15.0,96.0,0.35549525101763907
3.0,15.0,96.0,0.712347354138399
4.0,15.0,96.0,0.6246042514699233
1.0,16.0,96.0,0.5370872908186339
2.0,16.0,96.0,0.4952510176390774
3.0,16.0,96.0,0.6322930800542742
4.0,16.0,96.0,0.5029398462234285
1.0,17.0,96.0,0.5924920850293985
2.0,17.0,96.0,0.639077340569878
3.0,17.0,96.0,0.6024423337856172
4.0,17.0,96.0,0.6295793758480326
1.0,18.0,96.0,0.5070104025327906
2.0,18.0,96.0,0.43509724106739034
3.0,18.0,96.0,0.6775214834916329
4.0,18.0,96.0,0.5581184984170059
1.0,19.0,96.0,0.5721925133689837
2.0,19.0,96.0,0.6644385026737967
3.0,19.0,96.0,0.6359180035650625
4.0,19.0,96.0,0.6238859180035652
1.0,20.0,96.0,0.6388511985526911
2.0,20.0,96.0,0.6494798733604705
3.0,20.0,96.0,0.5802804161013116
4.0,20.0,96.0,0.6087743102668477
1.0,1.0,97.0,0.46381727725011307
2.0,1.0,97.0,0.47489823609226584
3.0,1.0,97.0,0.6359113523292629
4.0,1.0,97.0,0.509724106739032
1.0,2.0,97.0,0.505427408412483
2.0,2.0,97.0,0.5002261420171868
3.0,2.0,97.0,0.5861601085481684
4.0,2.0,97.0,0.5006784260515604
1.0,3.0,97.0,0.5707824513794664
2.0,3.0,97.0,0.37946630483943916
3.0,3.0,97.0,0.6001809136137494
4.0,3.0,97.0,0.6363636363636365
1.0,4.0,97.0,0.5113636363636364
2.0,4.0,97.0,0.5851158645276293
3.0,4.0,97.0,0.6519607843137254
4.0,4.0,97.0,0.5708556149732621
1.0,5.0,97.0,0.6436001809136138
2.0,5.0,97.0,0.6359113523292628
3.0,5.0,97.0,0.5513342379014021
4.0,5.0,97.0,0.6359113523292629
1.0,6.0,97.0,0.4451871657754011
2.0,6.0,97.0,0.3453654188948306
3.0,6.0,97.0,0.7165775401069518
4.0,6.0,97.0,0.6501782531194296
1.0,7.0,97.0,0.6263368983957218
2.0,7.0,97.0,0.6354723707664884
3.0,7.0,97.0,0.5557040998217468
4.0,7.0,97.0,0.6087344028520498
1.0,8.0,97.0,0.4538670284938942
2.0,8.0,97.0,0.5861601085481684
3.0,8.0,97.0,0.6408864767073722
4.0,8.0,97.0,0.574400723654455
1.0,9.0,97.0,0.4764812302125735
2.0,9.0,97.0,0.47354138398914514
3.0,9.0,97.0,0.545906829488919
4.0,9.0,97.0,0.5323383084577115
1.0,10.0,97.0,0.5106286748077793
2.0,10.0,97.0,0.5780189959294436
3.0,10.0,97.0,0.7051108095884216
4.0,10.0,97.0,0.5680687471732248
1.0,11.0,97.0,0.5396613190730838
2.0,11.0,97.0,0.5868983957219251
3.0,11.0,97.0,0.6274509803921571
4.0,11.0,97.0,0.5851158645276292
1.0,12.0,97.0,0.4097693351424695
2.0,12.0,97.0,0.42107643600180916
3.0,12.0,97.0,0.6259611035730439
4.0,12.0,97.0,0.4346449570330167
1.0,13.0,97.0,0.4807779285391225
2.0,13.0,97.0,0.4545454545454546
3.0,13.0,97.0,0.6232473993668024
4.0,13.0,97.0,0.44504748982360925
1.0,14.0,97.0,0.43716577540106955
2.0,14.0,97.0,0.4420677361853833
3.0,14.0,97.0,0.6983065953654187
4.0,14.0,97.0,0.43048128342245995
1.0,15.0,97.0,0.4832887700534759
2.0,15.0,97.0,0.5672905525846701
3.0,15.0,97.0,0.5855614973262031
4.0,15.0,97.0,0.5236185383244207
1.0,16.0,97.0,0.4610071301247771
2.0,16.0,97.0,0.5837789661319075
3.0,16.0,97.0,0.6492869875222816
4.0,16.0,97.0,0.5681818181818181
1.0,17.0,97.0,0.4782903663500678
2.0,17.0,97.0,0.4025327905924921
3.0,17.0,97.0,0.7381275440976934
4.0,17.0,97.0,0.41700587969244685
1.0,18.0,97.0,0.6033868092691623
2.0,18.0,97.0,0.5744206773618539
3.0,18.0,97.0,0.6011586452762924
4.0,18.0,97.0,0.5819964349376116
1.0,19.0,97.0,0.5104723707664883
2.0,19.0,97.0,0.6047237076648841
3.0,19.0,97.0,0.5655080213903745
4.0,19.0,97.0,0.5971479500891265
1.0,20.0,97.0,0.5552584670231728
2.0,20.0,97.0,0.5463458110516934
3.0,20.0,97.0,0.571301247771836
4.0,20.0,97.0,0.5418894830659537
1.0,1.0,98.0,0.6549072817729535
2.0,1.0,98.0,0.6739032112166442
3.0,1.0,98.0,0.5106286748077794
4.0,1.0,98.0,0.639077340569878
1.0,2.0,98.0,0.6051560379918589
2.0,2.0,98.0,0.6191768430574401
3.0,2.0,98.0,0.5228403437358661
4.0,2.0,98.0,0.61284486657621
1.0,3.0,98.0,0.5825418362731797
2.0,3.0,98.0,0.6033469018543646
3.0,3.0,98.0,0.5364088647670738
4.0,3.0,98.0,0.5649027589326098
1.0,4.0,98.0,0.518048128342246
2.0,4.0,98.0,0.5133689839572193
3.0,4.0,98.0,0.6332442067736186
4.0,4.0,98.0,0.5169340463458111
1.0,5.0,98.0,0.5486205336951604
2.0,5.0,98.0,0.5160560832202623
3.0,5.0,98.0,0.6458616010854817
4.0,5.0,98.0,0.5061058344640434
1.0,6.0,98.0,0.555926916221034
2.0,6.0,98.0,0.6216577540106951
3.0,6.0,98.0,0.5993761140819965
4.0,6.0,98.0,0.6114081996434936
1.0,7.0,98.0,0.5911352329262777
2.0,7.0,98.0,0.6702849389416554
3.0,7.0,98.0,0.5929443690637721
4.0,7.0,98.0,0.6603346901854366
1.0,8.0,98.0,0.38279857397504463
2.0,8.0,98.0,0.6573083778966132
3.0,8.0,98.0,0.6631016042780749
4.0,8.0,98.0,0.6586452762923353
1.0,9.0,98.0,0.45944741532976824
2.0,9.0,98.0,0.500891265597148
3.0,9.0,98.0,0.5601604278074866
4.0,9.0,98.0,0.49688057040998235
1.0,10.0,98.0,0.6164631388511983
2.0,10.0,98.0,0.5323383084577115
3.0,10.0,98.0,0.6309362279511533
4.0,10.0,98.0,0.548168249660787
1.0,11.0,98.0,0.43306196291270915
2.0,11.0,98.0,0.3722297602894617
3.0,11.0,98.0,0.6960651289009498
4.0,11.0,98.0,0.6232473993668023
1.0,12.0,98.0,0.588680926916221
2.0,12.0,98.0,0.5940285204991087
3.0,12.0,98.0,0.5525846702317292
4.0,12.0,98.0,0.6069518716577539
1.0,13.0,98.0,0.6920677361853833
2.0,13.0,98.0,0.7486631016042781
3.0,13.0,98.0,0.639928698752228
4.0,13.0,98.0,0.7450980392156861
1.0,14.0,98.0,0.4385026737967914
2.0,14.0,98.0,0.6189839572192515
3.0,14.0,98.0,0.5672905525846701
4.0,14.0,98.0,0.6087344028520497
1.0,15.0,98.0,0.5570409982174688
2.0,15.0,98.0,0.6238859180035652
3.0,15.0,98.0,0.5980392156862745
4.0,15.0,98.0,0.5891265597147951
1.0,16.0,98.0,0.5570409982174689
2.0,16.0,98.0,0.5142602495543671
3.0,16.0,98.0,0.589572192513369
4.0,16.0,98.0,0.5490196078431372
1.0,17.0,98.0,0.5626413387607417
2.0,17.0,98.0,0.5047489823609226
3.0,17.0,98.0,0.5915875169606514
4.0,17.0,98.0,0.556761646313885
1.0,18.0,98.0,0.5216131907308379
2.0,18.0,98.0,0.568181818181818
3.0,18.0,98.0,0.5935828877005347
4.0,18.0,98.0,0.5570409982174688
1.0,19.0,98.0,0.60650623885918
2.0,19.0,98.0,0.6332442067736186
3.0,19.0,98.0,0.5445632798573975
4.0,19.0,98.0,0.6047237076648841
1.0,20.0,98.0,0.5816372682044325
2.0,20.0,98.0,0.41655359565807315
3.0,20.0,98.0,0.6142017186793306
4.0,20.0,98.0,0.5748530076888286
1.0,1.0,99.0,0.6567164179104478
2.0,1.0,99.0,0.6766169154228857
3.0,1.0,99.0,0.5409317051108096
4.0,1.0,99.0,0.6286748077792853
1.0,2.0,99.0,0.5
2.0,2.0,99.0,0.4943464495703301
3.0,2.0,99.0,0.6187245590230664
4.0,2.0,99.0,0.5056535504296698
1.0,3.0,99.0,0.4979647218453189
2.0,3.0,99.0,0.4735413839891452
3.0,3.0,99.0,0.6508367254635913
4.0,3.0,99.0,0.5092718227046585
1.0,4.0,99.0,0.54161013116237
2.0,4.0,99.0,0.5549525101763908
3.0,4.0,99.0,0.6689280868385347
4.0,4.0,99.0,0.5630936227951153
1.0,5.0,99.0,0.5099502487562189
2.0,5.0,99.0,0.496607869742198
3.0,5.0,99.0,0.6359113523292629
4.0,5.0,99.0,0.5232926277702397
1.0,6.0,99.0,0.5269109000452283
2.0,6.0,99.0,0.5454545454545455
3.0,6.0,99.0,0.574400723654455
4.0,6.0,99.0,0.5639981908638625
1.0,7.0,99.0,0.5949796472184533
2.0,7.0,99.0,0.63681592039801
3.0,7.0,99.0,0.5386702849389418
4.0,7.0,99.0,0.6562641338760743
1.0,8.0,99.0,0.5824420677361855
2.0,8.0,99.0,0.6140819964349374
3.0,8.0,99.0,0.4563279857397505
4.0,8.0,99.0,0.5900178253119428
1.0,9.0,99.0,0.46702317290552586
2.0,9.0,99.0,0.5303030303030302
3.0,9.0,99.0,0.4950980392156862
4.0,9.0,99.0,0.5196078431372549
1.0,10.0,99.0,0.5364088647670737
2.0,10.0,99.0,0.44640434192672995
3.0,10.0,99.0,0.6662143826322933
4.0,10.0,99.0,0.46720940750791484
1.0,11.0,99.0,0.6065128900949797
2.0,11.0,99.0,0.6300316598824063
3.0,11.0,99.0,0.6169154228855721
4.0,11.0,99.0,0.5820895522388061
1.0,12.0,99.0,0.5811051693404634
2.0,12.0,99.0,0.39260249554367205
3.0,12.0,99.0,0.6751336898395723
4.0,12.0,99.0,0.40909090909090895
1.0,13.0,99.0,0.5579322638146167
2.0,13.0,99.0,0.5793226381461674
3.0,13.0,99.0,0.6657754010695185
4.0,13.0,99.0,0.5601604278074866
1.0,14.0,99.0,0.5735294117647058
2.0,14.0,99.0,0.4875222816399287
3.0,14.0,99.0,0.6265597147950089
4.0,14.0,99.0,0.49777183600713
1.0,15.0,99.0,0.5574866310160428
2.0,15.0,99.0,0.5842245989304814
3.0,15.0,99.0,0.589126559714795
4.0,15.0,99.0,0.590463458110517
1.0,16.0,99.0,0.5388964269561285
2.0,16.0,99.0,0.4920850293984622
3.0,16.0,99.0,0.6019900497512438
4.0,16.0,99.0,0.4803256445047489
1.0,17.0,99.0,0.5133689839572193
2.0,17.0,99.0,0.49598930481283415
3.0,17.0,99.0,0.5646167557932262
4.0,17.0,99.0,0.48618538324420674
1.0,18.0,99.0,0.5120320855614973
2.0,18.0,99.0,0.4385026737967914
3.0,18.0,99.0,0.5418894830659537
4.0,18.0,99.0,0.5436720142602495
1.0,19.0,99.0,0.5554812834224597
2.0,19.0,99.0,0.49286987522281633
3.0,19.0,99.0,0.5436720142602497
4.0,19.0,99.0,0.46122994652406424
1.0,20.0,99.0,0.48195187165775394
2.0,20.0,99.0,0.5623885918003567
3.0,20.0,99.0,0.5503565062388592
4.0,20.0,99.0,0.5610516934046345
1.0,1.0,100.0,0.6078697421981005
2.0,1.0,100.0,0.3224785165083673
3.0,1.0,100.0,0.4889190411578471
4.0,1.0,100.0,0.6589778380823158
1.0,2.0,100.0,0.5563093622795116
2.0,2.0,100.0,0.6164631388511985
3.0,2.0,100.0,0.5924920850293985
4.0,2.0,100.0,0.6178199909543193
1.0,3.0,100.0,0.5332428765264586
2.0,3.0,100.0,0.44504748982360914
3.0,3.0,100.0,0.63681592039801
4.0,3.0,100.0,0.550429669832655
1.0,4.0,100.0,0.5407055630936228
2.0,4.0,100.0,0.41881501582994124
3.0,4.0,100.0,0.6318407960199005
4.0,4.0,100.0,0.5712347354138398
1.0,5.0,100.0,0.5933966530981456
2.0,5.0,100.0,0.6341022161917684
3.0,5.0,100.0,0.4183627317955676
4.0,5.0,100.0,0.6227951153324288
1.0,6.0,100.0,0.5409982174688058
2.0,6.0,100.0,0.4759358288770053
3.0,6.0,100.0,0.5708556149732619
4.0,6.0,100.0,0.5481283422459895
1.0,7.0,100.0,0.46743554952510175
2.0,7.0,100.0,0.4188150158299412
3.0,7.0,100.0,0.688376300316599
4.0,7.0,100.0,0.44052464947987346
1.0,8.0,100.0,0.517379679144385
2.0,8.0,100.0,0.5115864527629232
3.0,8.0,100.0,0.5953654188948307
4.0,8.0,100.0,0.5044563279857399
1.0,9.0,100.0,0.5196078431372549
2.0,9.0,100.0,0.483511586452763
3.0,9.0,100.0,0.5427807486631016
4.0,9.0,100.0,0.4839572192513369
1.0,10.0,100.0,0.5359565807327001
2.0,10.0,100.0,0.5888738127544098
3.0,10.0,100.0,0.6766169154228857
4.0,10.0,100.0,0.5748530076888286
1.0,11.0,100.0,0.42469470827679784
2.0,11.0,100.0,0.39348710990502045
3.0,11.0,100.0,0.7272727272727274
4.0,11.0,100.0,0.4120307553143374
1.0,12.0,100.0,0.47081105169340465
2.0,12.0,100.0,0.46167557932263814
3.0,12.0,100.0,0.5877896613190731
4.0,12.0,100.0,0.47816399286987527
1.0,13.0,100.0,0.5599276345545002
2.0,13.0,100.0,0.48032564450474885
3.0,13.0,100.0,0.609678878335595
4.0,13.0,100.0,0.4848484848484848
1.0,14.0,100.0,0.5076888285843509
2.0,14.0,100.0,0.4414292175486204
3.0,14.0,100.0,0.6757123473541385
4.0,14.0,100.0,0.4617819990954319
1.0,15.0,100.0,0.5840017825311942
2.0,15.0,100.0,0.5378787878787878
3.0,15.0,100.0,0.5369875222816399
4.0,15.0,100.0,0.5396613190730838
1.0,16.0,100.0,0.536319073083779
2.0,16.0,100.0,0.555258467023173
3.0,16.0,100.0,0.5748663101604279
4.0,16.0,100.0,0.569073083778966
1.0,17.0,100.0,0.6702849389416553
2.0,17.0,100.0,0.6585255540479421
3.0,17.0,100.0,0.63681592039801
4.0,17.0,100.0,0.6517412935323383
1.0,18.0,100.0,0.6377204884667571
2.0,18.0,100.0,0.6657620985979196
3.0,18.0,100.0,0.55359565807327
4.0,18.0,100.0,0.6512890094979648
1.0,19.0,100.0,0.428475935828877
2.0,19.0,100.0,0.4438502673796792
3.0,19.0,100.0,0.5784313725490198
4.0,19.0,100.0,0.4558823529411764
1.0,20.0,100.0,0.44229055258467026
2.0,20.0,100.0,0.43404634581105167
3.0,20.0,100.0,0.6163101604278074
4.0,20.0,100.0,0.4425133689839572
